time,S,E,I,R
0.0,0.999,0.0,0.001,0.0
0.1,0.99895,4.9e-05,0.000987,1.4e-05
0.2,0.998901,9.5e-05,0.000975,2.8e-05
0.3,0.998853,0.00014,0.000965,4.2e-05
0.4,0.998805,0.000182,0.000957,5.6e-05
0.5,0.998757,0.000223,0.00095,6.9e-05
0.6,0.99871,0.000263,0.000944,8.3e-05
0.7,0.998663,0.0003,0.00094,9.6e-05
0.8,0.998616,0.000336,0.000938,0.00011
0.9,0.99857,0.000371,0.000936,0.000123
1.0,0.998523,0.000405,0.000936,0.000136
1.1,0.998476,0.000438,0.000936,0.00015
1.2,0.998429,0.00047,0.000938,0.000163
1.3,0.998383,0.0005,0.000941,0.000176
1.4,0.998336,0.00053,0.000944,0.00019
1.5,0.998288,0.000559,0.000949,0.000203
1.6,0.998241,0.000588,0.000955,0.000217
1.7,0.998193,0.000615,0.000961,0.00023
1.8,0.998145,0.000643,0.000968,0.000244
1.9,0.998097,0.000669,0.000976,0.000258
2.0,0.998048,0.000695,0.000985,0.000272
2.1,0.997999,0.000721,0.000994,0.000286
2.2,0.997949,0.000747,0.001005,0.0003
2.3,0.997898,0.000772,0.001015,0.000315
2.4,0.997848,0.000796,0.001027,0.000329
2.5,0.997796,0.000821,0.001039,0.000344
2.6,0.997744,0.000845,0.001052,0.000359
2.7,0.997691,0.00087,0.001065,0.000374
2.8,0.997638,0.000894,0.00108,0.000389
2.9,0.997584,0.000918,0.001094,0.000404
3.0,0.997529,0.000942,0.001109,0.00042
3.1,0.997473,0.000966,0.001125,0.000436
3.2,0.997417,0.00099,0.001142,0.000452
3.3,0.99736,0.001014,0.001159,0.000468
3.4,0.997302,0.001038,0.001176,0.000485
3.5,0.997243,0.001062,0.001194,0.000501
3.6,0.997183,0.001086,0.001213,0.000518
3.7,0.997122,0.00111,0.001232,0.000536
3.8,0.99706,0.001135,0.001252,0.000553
3.9,0.996998,0.001159,0.001272,0.000571
4.0,0.996934,0.001184,0.001293,0.000589
4.1,0.996869,0.001209,0.001314,0.000608
4.2,0.996803,0.001235,0.001336,0.000627
4.3,0.996736,0.00126,0.001358,0.000646
4.4,0.996668,0.001286,0.001381,0.000665
4.5,0.996599,0.001312,0.001404,0.000685
4.6,0.996529,0.001338,0.001428,0.000705
4.7,0.996457,0.001365,0.001453,0.000725
4.8,0.996384,0.001392,0.001478,0.000746
4.9,0.99631,0.00142,0.001503,0.000767
5.0,0.996235,0.001447,0.001529,0.000788
5.1,0.996158,0.001475,0.001556,0.00081
5.2,0.99608,0.001504,0.001583,0.000832
5.3,0.996001,0.001533,0.001611,0.000855
5.4,0.99592,0.001562,0.001639,0.000878
5.5,0.995838,0.001592,0.001668,0.000901
5.6,0.995755,0.001622,0.001698,0.000925
5.7,0.99567,0.001653,0.001728,0.000949
5.8,0.995583,0.001684,0.001759,0.000974
5.9,0.995495,0.001716,0.00179,0.000999
6.0,0.995405,0.001748,0.001822,0.001025
6.1,0.995314,0.001781,0.001855,0.001051
6.2,0.995221,0.001814,0.001888,0.001077
6.3,0.995127,0.001848,0.001922,0.001104
6.4,0.995031,0.001882,0.001956,0.001131
6.5,0.994933,0.001917,0.001991,0.001159
6.6,0.994833,0.001952,0.002027,0.001188
6.7,0.994732,0.001988,0.002063,0.001216
6.8,0.994629,0.002025,0.002101,0.001246
6.9,0.994524,0.002062,0.002138,0.001276
7.0,0.994417,0.0021,0.002177,0.001306
7.1,0.994308,0.002139,0.002216,0.001337
7.2,0.994197,0.002178,0.002256,0.001369
7.3,0.994084,0.002218,0.002297,0.001401
7.4,0.993969,0.002258,0.002338,0.001434
7.5,0.993853,0.0023,0.002381,0.001467
7.6,0.993734,0.002342,0.002424,0.001501
7.7,0.993613,0.002384,0.002468,0.001535
7.8,0.993489,0.002428,0.002512,0.001571
7.9,0.993364,0.002472,0.002558,0.001606
8.0,0.993236,0.002517,0.002604,0.001643
8.1,0.993106,0.002563,0.002651,0.00168
8.2,0.992974,0.00261,0.002699,0.001718
8.3,0.992839,0.002657,0.002748,0.001756
8.4,0.992702,0.002705,0.002798,0.001795
8.5,0.992562,0.002754,0.002848,0.001835
8.6,0.99242,0.002804,0.0029,0.001876
8.7,0.992275,0.002855,0.002952,0.001917
8.8,0.992128,0.002907,0.003006,0.001959
8.9,0.991978,0.00296,0.00306,0.002002
9.0,0.991826,0.003013,0.003116,0.002045
9.1,0.99167,0.003068,0.003172,0.00209
9.2,0.991512,0.003123,0.00323,0.002135
9.3,0.991351,0.00318,0.003288,0.002181
9.4,0.991187,0.003237,0.003348,0.002228
9.5,0.991021,0.003296,0.003408,0.002275
9.6,0.990851,0.003355,0.00347,0.002324
9.7,0.990678,0.003416,0.003533,0.002373
9.8,0.990502,0.003478,0.003597,0.002423
9.9,0.990323,0.00354,0.003662,0.002474
10.0,0.990141,0.003604,0.003728,0.002527
10.1,0.989955,0.003669,0.003796,0.00258
10.2,0.989766,0.003735,0.003864,0.002634
10.3,0.989574,0.003803,0.003934,0.002689
10.4,0.989379,0.003871,0.004006,0.002745
10.5,0.989179,0.003941,0.004078,0.002802
10.6,0.988977,0.004012,0.004152,0.00286
10.7,0.98877,0.004084,0.004227,0.002919
10.8,0.98856,0.004158,0.004303,0.002979
10.9,0.988347,0.004232,0.004381,0.00304
11.0,0.988129,0.004308,0.00446,0.003102
11.1,0.987907,0.004386,0.004541,0.003166
11.2,0.987682,0.004465,0.004623,0.00323
11.3,0.987453,0.004545,0.004707,0.003296
11.4,0.987219,0.004626,0.004792,0.003363
11.5,0.986981,0.004709,0.004878,0.003431
11.6,0.986739,0.004794,0.004966,0.0035
11.7,0.986493,0.00488,0.005056,0.003571
11.8,0.986243,0.004967,0.005147,0.003643
11.9,0.985988,0.005056,0.00524,0.003716
12.0,0.985728,0.005147,0.005334,0.003791
12.1,0.985464,0.005239,0.005431,0.003866
12.2,0.985195,0.005333,0.005529,0.003944
12.3,0.984921,0.005428,0.005628,0.004022
12.4,0.984643,0.005525,0.00573,0.004102
12.5,0.984359,0.005624,0.005833,0.004184
12.6,0.984071,0.005725,0.005938,0.004267
12.7,0.983777,0.005827,0.006045,0.004351
12.8,0.983479,0.005931,0.006154,0.004437
12.9,0.983175,0.006037,0.006264,0.004524
13.0,0.982865,0.006144,0.006377,0.004613
13.1,0.98255,0.006254,0.006492,0.004704
13.2,0.98223,0.006365,0.006609,0.004796
13.3,0.981904,0.006479,0.006727,0.00489
13.4,0.981572,0.006594,0.006848,0.004986
13.5,0.981234,0.006711,0.006971,0.005083
13.6,0.980891,0.006831,0.007097,0.005182
13.7,0.980541,0.006952,0.007224,0.005283
13.8,0.980185,0.007075,0.007354,0.005386
13.9,0.979823,0.007201,0.007486,0.00549
14.0,0.979455,0.007329,0.00762,0.005597
14.1,0.97908,0.007459,0.007756,0.005705
14.2,0.978698,0.007591,0.007895,0.005815
14.3,0.97831,0.007725,0.008037,0.005927
14.4,0.977915,0.007862,0.008181,0.006042
14.5,0.977513,0.008001,0.008327,0.006158
14.6,0.977105,0.008143,0.008476,0.006276
14.7,0.976689,0.008287,0.008628,0.006397
14.8,0.976265,0.008433,0.008782,0.006519
14.9,0.975835,0.008582,0.008939,0.006644
15.0,0.975397,0.008733,0.009099,0.006771
15.1,0.974951,0.008887,0.009262,0.0069
15.2,0.974497,0.009044,0.009427,0.007032
15.3,0.974036,0.009203,0.009595,0.007166
15.4,0.973567,0.009365,0.009766,0.007302
15.5,0.973089,0.009529,0.00994,0.007441
15.6,0.972603,0.009697,0.010118,0.007582
15.7,0.972109,0.009867,0.010298,0.007726
15.8,0.971607,0.01004,0.010481,0.007872
15.9,0.971095,0.010216,0.010668,0.008021
16.0,0.970575,0.010395,0.010858,0.008172
16.1,0.970046,0.010577,0.011051,0.008327
16.2,0.969508,0.010762,0.011247,0.008484
16.3,0.96896,0.01095,0.011447,0.008643
16.4,0.968403,0.011141,0.01165,0.008806
16.5,0.967837,0.011335,0.011857,0.008971
16.6,0.96726,0.011533,0.012067,0.00914
16.7,0.966674,0.011734,0.012281,0.009311
16.8,0.966078,0.011938,0.012498,0.009486
16.9,0.965472,0.012145,0.01272,0.009663
17.0,0.964856,0.012356,0.012945,0.009844
17.1,0.964228,0.012571,0.013173,0.010028
17.2,0.963591,0.012788,0.013406,0.010215
17.3,0.962942,0.01301,0.013643,0.010405
17.4,0.962283,0.013235,0.013884,0.010599
17.5,0.961612,0.013464,0.014129,0.010796
17.6,0.96093,0.013696,0.014378,0.010997
17.7,0.960236,0.013932,0.014631,0.011201
17.8,0.959531,0.014172,0.014888,0.011408
17.9,0.958814,0.014416,0.01515,0.01162
18.0,0.958085,0.014664,0.015417,0.011835
18.1,0.957343,0.014915,0.015687,0.012054
18.2,0.956589,0.015171,0.015963,0.012277
18.3,0.955823,0.015431,0.016243,0.012503
18.4,0.955044,0.015695,0.016528,0.012734
18.5,0.954251,0.015963,0.016817,0.012969
18.6,0.953446,0.016236,0.017111,0.013207
18.7,0.952627,0.016512,0.01741,0.01345
18.8,0.951795,0.016793,0.017715,0.013697
18.9,0.950948,0.017079,0.018024,0.013949
19.0,0.950088,0.017369,0.018338,0.014205
19.1,0.949214,0.017663,0.018658,0.014465
19.2,0.948325,0.017962,0.018983,0.01473
19.3,0.947422,0.018266,0.019313,0.014999
19.4,0.946503,0.018574,0.019649,0.015274
19.5,0.94557,0.018887,0.01999,0.015552
19.6,0.944622,0.019205,0.020337,0.015836
19.7,0.943658,0.019528,0.020689,0.016125
19.8,0.942678,0.019856,0.021048,0.016418
19.9,0.941683,0.020189,0.021412,0.016717
20.0,0.940671,0.020526,0.021782,0.017021
20.1,0.939643,0.020869,0.022158,0.01733
20.2,0.938598,0.021217,0.02254,0.017645
20.3,0.937537,0.02157,0.022928,0.017965
20.4,0.936458,0.021929,0.023323,0.01829
20.5,0.935363,0.022292,0.023724,0.018621
20.6,0.93425,0.022662,0.024131,0.018958
20.7,0.933119,0.023036,0.024545,0.0193
20.8,0.93197,0.023416,0.024966,0.019648
20.9,0.930803,0.023802,0.025393,0.020003
21.0,0.929617,0.024193,0.025827,0.020363
21.1,0.928413,0.02459,0.026268,0.020729
21.2,0.92719,0.024992,0.026716,0.021102
21.3,0.925947,0.025401,0.027171,0.021481
21.4,0.924685,0.025815,0.027633,0.021867
21.5,0.923404,0.026235,0.028102,0.022259
21.6,0.922102,0.026661,0.028579,0.022657
21.7,0.920781,0.027093,0.029063,0.023063
21.8,0.919439,0.027531,0.029555,0.023475
21.9,0.918076,0.027975,0.030054,0.023895
22.0,0.916693,0.028425,0.030561,0.024321
22.1,0.915288,0.028881,0.031076,0.024754
22.2,0.913862,0.029344,0.031599,0.025195
22.3,0.912414,0.029813,0.03213,0.025643
22.4,0.910944,0.030288,0.032668,0.026099
22.5,0.909452,0.03077,0.033215,0.026563
22.6,0.907938,0.031258,0.033771,0.027034
22.7,0.906401,0.031752,0.034334,0.027513
22.8,0.904841,0.032253,0.034907,0.028
22.9,0.903258,0.03276,0.035487,0.028495
23.0,0.901651,0.033274,0.036077,0.028998
23.1,0.900021,0.033795,0.036675,0.02951
23.2,0.898366,0.034322,0.037282,0.03003
23.3,0.896688,0.034856,0.037898,0.030558
23.4,0.894985,0.035397,0.038523,0.031096
23.5,0.893257,0.035944,0.039157,0.031642
23.6,0.891504,0.036498,0.0398,0.032197
23.7,0.889726,0.037059,0.040453,0.032762
23.8,0.887923,0.037627,0.041115,0.033335
23.9,0.886094,0.038201,0.041787,0.033918
24.0,0.884239,0.038783,0.042468,0.034511
24.1,0.882357,0.039371,0.043159,0.035113
24.2,0.88045,0.039966,0.04386,0.035725
24.3,0.878515,0.040568,0.04457,0.036346
24.4,0.876554,0.041177,0.045291,0.036978
24.5,0.874565,0.041793,0.046021,0.03762
24.6,0.87255,0.042416,0.046762,0.038272
24.7,0.870506,0.043046,0.047513,0.038935
24.8,0.868435,0.043682,0.048274,0.039609
24.9,0.866335,0.044326,0.049046,0.040293
25.0,0.864208,0.044976,0.049828,0.040988
25.1,0.862052,0.045634,0.050621,0.041694
25.2,0.859867,0.046298,0.051424,0.042411
25.3,0.857653,0.046969,0.052238,0.04314
25.4,0.85541,0.047647,0.053063,0.04388
25.5,0.853138,0.048331,0.053899,0.044632
25.6,0.850836,0.049023,0.054745,0.045396
25.7,0.848505,0.049721,0.055603,0.046172
25.8,0.846143,0.050426,0.056471,0.046959
25.9,0.843752,0.051138,0.057351,0.047759
26.0,0.841331,0.051856,0.058242,0.048572
26.1,0.838879,0.052581,0.059144,0.049397
26.2,0.836396,0.053312,0.060057,0.050235
26.3,0.833883,0.05405,0.060982,0.051085
26.4,0.831339,0.054794,0.061918,0.051949
26.5,0.828764,0.055544,0.062866,0.052826
26.6,0.826158,0.056301,0.063825,0.053716
26.7,0.82352,0.057064,0.064796,0.05462
26.8,0.820852,0.057833,0.065778,0.055538
26.9,0.818151,0.058608,0.066772,0.056469
27.0,0.81542,0.059388,0.067777,0.057415
27.1,0.812656,0.060175,0.068795,0.058374
27.2,0.809861,0.060967,0.069824,0.059348
27.3,0.807034,0.061765,0.070864,0.060337
27.4,0.804175,0.062569,0.071917,0.06134
27.5,0.801284,0.063377,0.072981,0.062358
27.6,0.798361,0.064191,0.074057,0.063391
27.7,0.795406,0.06501,0.075144,0.064439
27.8,0.79242,0.065834,0.076244,0.065503
27.9,0.789401,0.066663,0.077355,0.066582
28.0,0.78635,0.067496,0.078478,0.067676
28.1,0.783267,0.068334,0.079612,0.068787
28.2,0.780152,0.069176,0.080759,0.069913
28.3,0.777005,0.070023,0.081917,0.071056
28.4,0.773826,0.070873,0.083086,0.072215
28.5,0.770615,0.071727,0.084268,0.07339
28.6,0.767372,0.072585,0.08546,0.074582
28.7,0.764098,0.073446,0.086665,0.075791
28.8,0.760792,0.074311,0.087881,0.077017
28.9,0.757454,0.075178,0.089108,0.07826
29.0,0.754085,0.076048,0.090347,0.07952
29.1,0.750685,0.076921,0.091597,0.080798
29.2,0.747253,0.077796,0.092858,0.082093
29.3,0.743791,0.078673,0.09413,0.083406
29.4,0.740298,0.079552,0.095413,0.084737
29.5,0.736774,0.080433,0.096707,0.086086
29.6,0.73322,0.081315,0.098012,0.087453
29.7,0.729635,0.082198,0.099328,0.088838
29.8,0.726021,0.083083,0.100654,0.090242
29.9,0.722377,0.083967,0.101991,0.091665
30.0,0.718704,0.084852,0.103338,0.093106
30.1,0.715002,0.085737,0.104695,0.094566
30.2,0.71127,0.086622,0.106062,0.096045
30.3,0.70751,0.087506,0.107439,0.097544
30.4,0.703722,0.08839,0.108826,0.099062
30.5,0.699906,0.089272,0.110223,0.100599
30.6,0.696063,0.090153,0.111628,0.102156
30.7,0.692192,0.091032,0.113043,0.103733
30.8,0.688295,0.091909,0.114467,0.105329
30.9,0.684372,0.092783,0.1159,0.106945
31.0,0.680422,0.093655,0.117341,0.108582
31.1,0.676447,0.094523,0.118791,0.110238
31.2,0.672447,0.095389,0.120249,0.111915
31.3,0.668422,0.09625,0.121715,0.113613
31.4,0.664374,0.097108,0.123188,0.115331
31.5,0.660302,0.09796,0.124669,0.117069
31.6,0.656206,0.098809,0.126157,0.118829
31.7,0.652088,0.099652,0.127651,0.120609
31.8,0.647948,0.100489,0.129153,0.12241
31.9,0.643787,0.101321,0.13066,0.124232
32.0,0.639605,0.102146,0.132174,0.126075
32.1,0.635403,0.102965,0.133694,0.127939
32.2,0.63118,0.103776,0.135219,0.129825
32.3,0.626939,0.104581,0.136749,0.131731
32.4,0.622679,0.105378,0.138283,0.13366
32.5,0.618402,0.106166,0.139823,0.135609
32.6,0.614107,0.106946,0.141366,0.13758
32.7,0.609796,0.107718,0.142913,0.139573
32.8,0.605469,0.10848,0.144464,0.141587
32.9,0.601127,0.109232,0.146018,0.143623
33.0,0.596771,0.109975,0.147574,0.14568
33.1,0.5924,0.110707,0.149133,0.147759
33.2,0.588017,0.111429,0.150693,0.14986
33.3,0.583622,0.11214,0.152256,0.151983
33.4,0.579215,0.112839,0.153819,0.154127
33.5,0.574797,0.113526,0.155383,0.156293
33.6,0.570369,0.114202,0.156948,0.158481
33.7,0.565932,0.114865,0.158512,0.160691
33.8,0.561487,0.115515,0.160077,0.162922
33.9,0.557034,0.116152,0.16164,0.165175
34.0,0.552574,0.116775,0.163202,0.16745
34.1,0.548108,0.117385,0.164762,0.169746
34.2,0.543636,0.11798,0.16632,0.172064
34.3,0.53916,0.118561,0.167875,0.174404
34.4,0.534681,0.119127,0.169427,0.176765
34.5,0.530199,0.119678,0.170976,0.179148
34.6,0.525714,0.120214,0.17252,0.181552
34.7,0.521229,0.120733,0.174061,0.183977
34.8,0.516743,0.121237,0.175596,0.186424
34.9,0.512257,0.121725,0.177126,0.188892
35.0,0.507773,0.122195,0.17865,0.191381
35.1,0.503291,0.122649,0.180168,0.193892
35.2,0.498812,0.123086,0.181679,0.196423
35.3,0.494337,0.123506,0.183183,0.198975
35.4,0.489866,0.123908,0.184679,0.201547
35.5,0.485401,0.124292,0.186166,0.204141
35.6,0.480942,0.124658,0.187646,0.206755
35.7,0.47649,0.125006,0.189116,0.209389
35.8,0.472045,0.125336,0.190576,0.212043
35.9,0.46761,0.125646,0.192026,0.214717
36.0,0.463184,0.125938,0.193466,0.217412
36.1,0.458768,0.126212,0.194894,0.220126
36.2,0.454364,0.126465,0.196311,0.22286
36.3,0.449971,0.1267,0.197716,0.225613
36.4,0.445591,0.126915,0.199109,0.228385
36.5,0.441224,0.127111,0.200488,0.231176
36.6,0.436872,0.127287,0.201854,0.233986
36.7,0.432534,0.127444,0.203207,0.236815
36.8,0.428212,0.12758,0.204545,0.239662
36.9,0.423907,0.127697,0.205868,0.242528
37.0,0.419619,0.127794,0.207176,0.245411
37.1,0.415348,0.127871,0.208468,0.248313
37.2,0.411096,0.127928,0.209744,0.251232
37.3,0.406864,0.127965,0.211004,0.254168
37.4,0.402651,0.127982,0.212246,0.257121
37.5,0.398459,0.127979,0.213471,0.260091
37.6,0.394288,0.127956,0.214679,0.263077
37.7,0.390138,0.127913,0.215868,0.26608
37.8,0.386012,0.12785,0.217039,0.269099
37.9,0.381908,0.127768,0.21819,0.272134
38.0,0.377828,0.127665,0.219322,0.275184
38.1,0.373773,0.127543,0.220435,0.278249
38.2,0.369742,0.127402,0.221527,0.28133
38.3,0.365736,0.127241,0.222599,0.284424
38.4,0.361756,0.12706,0.22365,0.287534
38.5,0.357803,0.126861,0.224679,0.290657
38.6,0.353877,0.126642,0.225687,0.293794
38.7,0.349978,0.126405,0.226674,0.296944
38.8,0.346107,0.126148,0.227638,0.300107
38.9,0.342264,0.125873,0.22858,0.303283
39.0,0.338449,0.12558,0.229499,0.306472
39.1,0.334664,0.125269,0.230394,0.309672
39.2,0.330909,0.12494,0.231267,0.312885
39.3,0.327183,0.124592,0.232116,0.316108
39.4,0.323488,0.124228,0.232941,0.319343
39.5,0.319823,0.123846,0.233742,0.322589
39.6,0.316189,0.123447,0.234519,0.325845
39.7,0.312586,0.123032,0.235272,0.329111
39.8,0.309015,0.122599,0.235999,0.332386
39.9,0.305476,0.122151,0.236702,0.335671
40.0,0.301968,0.121687,0.23738,0.338965
40.1,0.298493,0.121207,0.238032,0.342268
40.2,0.295051,0.120712,0.238659,0.345578
40.3,0.291641,0.120201,0.239261,0.348897
40.4,0.288264,0.119676,0.239836,0.352223
40.5,0.284921,0.119137,0.240387,0.355556
40.6,0.28161,0.118583,0.240911,0.358896
40.7,0.278333,0.118015,0.241409,0.362243
40.8,0.275089,0.117434,0.241881,0.365595
40.9,0.271879,0.11684,0.242327,0.368953
41.0,0.268703,0.116234,0.242747,0.372316
41.1,0.265561,0.115614,0.24314,0.375685
41.2,0.262452,0.114983,0.243507,0.379057
41.3,0.259378,0.11434,0.243848,0.382434
41.4,0.256337,0.113685,0.244163,0.385815
41.5,0.25333,0.11302,0.244451,0.389199
41.6,0.250358,0.112343,0.244713,0.392586
41.7,0.247419,0.111657,0.244949,0.395975
41.8,0.244514,0.11096,0.245159,0.399367
41.9,0.241643,0.110254,0.245342,0.402761
42.0,0.238806,0.109539,0.245499,0.406156
42.1,0.236003,0.108814,0.24563,0.409552
42.2,0.233234,0.108081,0.245735,0.41295
42.3,0.230498,0.10734,0.245815,0.416347
42.4,0.227796,0.106591,0.245868,0.419745
42.5,0.225127,0.105835,0.245896,0.423142
42.6,0.222492,0.105072,0.245898,0.426538
42.7,0.21989,0.104302,0.245875,0.429934
42.8,0.217321,0.103525,0.245827,0.433328
42.9,0.214785,0.102742,0.245753,0.43672
43.0,0.212282,0.101954,0.245655,0.44011
43.1,0.209811,0.10116,0.245532,0.443497
43.2,0.207373,0.100362,0.245384,0.446882
43.3,0.204967,0.099558,0.245211,0.450263
43.4,0.202594,0.098751,0.245015,0.453641
43.5,0.200252,0.097939,0.244794,0.457015
43.6,0.197942,0.097123,0.24455,0.460384
43.7,0.195663,0.096305,0.244282,0.46375
43.8,0.193416,0.095483,0.243991,0.46711
43.9,0.1912,0.094658,0.243677,0.470465
44.0,0.189015,0.093832,0.24334,0.473814
44.1,0.18686,0.093003,0.24298,0.477158
44.2,0.184736,0.092172,0.242597,0.480495
44.3,0.182642,0.09134,0.242193,0.483825
44.4,0.180577,0.090506,0.241767,0.487149
44.5,0.178543,0.089672,0.241319,0.490466
44.6,0.176538,0.088837,0.24085,0.493775
44.7,0.174561,0.088001,0.240361,0.497077
44.8,0.172614,0.087166,0.23985,0.50037
44.9,0.170695,0.08633,0.239319,0.503655
45.0,0.168805,0.085496,0.238768,0.506932
45.1,0.166942,0.084661,0.238197,0.5102
45.2,0.165108,0.083828,0.237606,0.513458
45.3,0.163301,0.082996,0.236997,0.516707
45.4,0.161521,0.082165,0.236368,0.519946
45.5,0.159768,0.081336,0.235721,0.523175
45.6,0.158041,0.080509,0.235056,0.526394
45.7,0.156341,0.079684,0.234372,0.529603
45.8,0.154667,0.078861,0.233672,0.5328
45.9,0.153019,0.078041,0.232954,0.535987
46.0,0.151396,0.077223,0.232219,0.539162
46.1,0.149799,0.076408,0.231467,0.542326
46.2,0.148226,0.075596,0.230699,0.545478
46.3,0.146678,0.074788,0.229916,0.548619
46.4,0.145154,0.073983,0.229116,0.551747
46.5,0.143654,0.073182,0.228302,0.554862
46.6,0.142178,0.072384,0.227472,0.557966
46.7,0.140726,0.07159,0.226628,0.561056
46.8,0.139296,0.070801,0.22577,0.564133
46.9,0.13789,0.070015,0.224898,0.567197
47.0,0.136506,0.069234,0.224012,0.570248
47.1,0.135144,0.068457,0.223113,0.573285
47.2,0.133805,0.067686,0.222201,0.576308
47.3,0.132487,0.066918,0.221277,0.579318
47.4,0.13119,0.066156,0.220341,0.582313
47.5,0.129915,0.065399,0.219392,0.585294
47.6,0.128661,0.064646,0.218432,0.588261
47.7,0.127427,0.063899,0.217461,0.591213
47.8,0.126214,0.063157,0.216479,0.59415
47.9,0.12502,0.062421,0.215487,0.597072
48.0,0.123847,0.06169,0.214484,0.599979
48.1,0.122693,0.060965,0.213471,0.602871
48.2,0.121558,0.060245,0.212449,0.605748
48.3,0.120442,0.059531,0.211418,0.608609
48.4,0.119345,0.058823,0.210377,0.611455
48.5,0.118266,0.05812,0.209329,0.614285
48.6,0.117206,0.057424,0.208271,0.617099
48.7,0.116163,0.056733,0.207206,0.619898
48.8,0.115138,0.056048,0.206133,0.62268
48.9,0.114131,0.05537,0.205053,0.625446
49.0,0.113141,0.054697,0.203966,0.628196
49.1,0.112167,0.054031,0.202872,0.630929
49.2,0.111211,0.053371,0.201772,0.633646
49.3,0.110271,0.052717,0.200666,0.636347
49.4,0.109347,0.052069,0.199553,0.639031
49.5,0.108439,0.051428,0.198435,0.641698
49.6,0.107546,0.050792,0.197312,0.644349
49.7,0.10667,0.050164,0.196184,0.646983
49.8,0.105808,0.049541,0.195051,0.6496
49.9,0.104962,0.048925,0.193914,0.6522
50.0,0.10413,0.048315,0.192773,0.654783
50.1,0.103313,0.047711,0.191627,0.657349
50.2,0.10251,0.047114,0.190478,0.659898
50.3,0.101722,0.046523,0.189326,0.662429
50.4,0.100947,0.045938,0.188171,0.664944
50.5,0.100187,0.04536,0.187012,0.667441
50.6,0.099439,0.044788,0.185852,0.669921
50.7,0.098706,0.044222,0.184688,0.672384
50.8,0.097985,0.043662,0.183523,0.67483
50.9,0.097277,0.043109,0.182356,0.677258
51.0,0.096582,0.042562,0.181187,0.679669
51.1,0.095899,0.042022,0.180017,0.682062
51.2,0.095229,0.041487,0.178845,0.684438
51.3,0.094571,0.040959,0.177673,0.686797
51.4,0.093925,0.040437,0.176499,0.689138
51.5,0.093291,0.039921,0.175326,0.691462
51.6,0.092668,0.039411,0.174152,0.693769
51.7,0.092057,0.038907,0.172977,0.696058
51.8,0.091457,0.03841,0.171803,0.69833
51.9,0.090869,0.037918,0.170629,0.700584
52.0,0.090291,0.037432,0.169456,0.702821
52.1,0.089724,0.036953,0.168283,0.70504
52.2,0.089167,0.036479,0.167112,0.707243
52.3,0.088621,0.036011,0.165941,0.709428
52.4,0.088085,0.035549,0.164771,0.711595
52.5,0.08756,0.035092,0.163603,0.713745
52.6,0.087044,0.034642,0.162436,0.715878
52.7,0.086538,0.034197,0.161271,0.717994
52.8,0.086042,0.033757,0.160108,0.720093
52.9,0.085555,0.033324,0.158947,0.722174
53.0,0.085077,0.032896,0.157789,0.724238
53.1,0.084609,0.032473,0.156632,0.726286
53.2,0.08415,0.032056,0.155478,0.728316
53.3,0.0837,0.031644,0.154327,0.730329
53.4,0.083258,0.031238,0.153179,0.732325
53.5,0.082826,0.030837,0.152033,0.734304
53.6,0.082401,0.030442,0.150891,0.736266
53.7,0.081986,0.030051,0.149751,0.738212
53.8,0.081578,0.029666,0.148616,0.74014
53.9,0.081179,0.029286,0.147483,0.742052
54.0,0.080788,0.028911,0.146354,0.743948
54.1,0.080404,0.028541,0.145229,0.745826
54.2,0.080028,0.028176,0.144108,0.747688
54.3,0.07966,0.027816,0.14299,0.749534
54.4,0.0793,0.02746,0.141877,0.751363
54.5,0.078947,0.02711,0.140767,0.753176
54.6,0.078601,0.026764,0.139662,0.754972
54.7,0.078263,0.026423,0.138561,0.756753
54.8,0.077932,0.026087,0.137465,0.758517
54.9,0.077607,0.025756,0.136373,0.760265
55.0,0.07729,0.025428,0.135285,0.761996
55.1,0.076979,0.025106,0.134203,0.763712
55.2,0.076675,0.024788,0.133125,0.765412
55.3,0.076378,0.024474,0.132052,0.767096
55.4,0.076087,0.024165,0.130983,0.768765
55.5,0.075802,0.02386,0.12992,0.770418
55.6,0.075524,0.023559,0.128862,0.772055
55.7,0.075252,0.023262,0.127809,0.773676
55.8,0.074986,0.02297,0.126761,0.775283
55.9,0.074726,0.022682,0.125719,0.776873
56.0,0.074472,0.022397,0.124681,0.778449
56.1,0.074224,0.022117,0.12365,0.780009
56.2,0.073982,0.02184,0.122623,0.781554
56.3,0.073745,0.021568,0.121602,0.783084
56.4,0.073514,0.021299,0.120587,0.7846
56.5,0.073289,0.021035,0.119577,0.7861
56.6,0.073069,0.020773,0.118572,0.787585
56.7,0.072854,0.020516,0.117574,0.789056
56.8,0.072644,0.020262,0.116581,0.790512
56.9,0.07244,0.020012,0.115594,0.791954
57.0,0.072241,0.019765,0.114612,0.793381
57.1,0.072047,0.019522,0.113637,0.794794
57.2,0.071858,0.019283,0.112667,0.796192
57.3,0.071674,0.019046,0.111703,0.797577
57.4,0.071494,0.018814,0.110745,0.798947
57.5,0.07132,0.018584,0.109793,0.800303
57.6,0.07115,0.018358,0.108847,0.801645
57.7,0.070984,0.018135,0.107907,0.802974
57.8,0.070824,0.017915,0.106973,0.804288
57.9,0.070667,0.017698,0.106045,0.80559
58.0,0.070516,0.017484,0.105123,0.806877
58.1,0.070368,0.017273,0.104207,0.808151
58.2,0.070225,0.017066,0.103297,0.809412
58.3,0.070086,0.016861,0.102394,0.810659
58.4,0.069952,0.016659,0.101496,0.811893
58.5,0.069821,0.01646,0.100604,0.813114
58.6,0.069695,0.016264,0.099719,0.814322
58.7,0.069572,0.016071,0.09884,0.815517
58.8,0.069454,0.015881,0.097966,0.816699
58.9,0.069339,0.015693,0.097099,0.817868
59.0,0.069229,0.015508,0.096238,0.819025
59.1,0.069122,0.015325,0.095384,0.820169
59.2,0.069019,0.015145,0.094535,0.821301
59.3,0.06892,0.014968,0.093692,0.82242
59.4,0.068824,0.014793,0.092856,0.823527
59.5,0.068732,0.014621,0.092025,0.824622
59.6,0.068643,0.014451,0.091201,0.825705
59.7,0.068558,0.014283,0.090383,0.826775
59.8,0.068476,0.014118,0.089571,0.827834
59.9,0.068398,0.013956,0.088765,0.828881
60.0,0.068324,0.013795,0.087965,0.829916
60.1,0.068252,0.013637,0.087171,0.83094
60.2,0.068184,0.013481,0.086384,0.831951
60.3,0.068119,0.013327,0.085602,0.832952
60.4,0.068057,0.013176,0.084826,0.833941
60.5,0.067999,0.013026,0.084057,0.834919
60.6,0.067943,0.012879,0.083293,0.835885
60.7,0.067891,0.012733,0.082536,0.83684
60.8,0.067841,0.01259,0.081784,0.837785
60.9,0.067795,0.012449,0.081038,0.838718
61.0,0.067751,0.01231,0.080298,0.839641
61.1,0.067711,0.012172,0.079565,0.840552
61.2,0.067673,0.012037,0.078837,0.841453
61.3,0.067638,0.011903,0.078115,0.842344
61.4,0.067606,0.011772,0.077398,0.843224
61.5,0.067577,0.011642,0.076688,0.844093
61.6,0.067551,0.011514,0.075983,0.844952
61.7,0.067527,0.011387,0.075285,0.845801
61.8,0.067506,0.011263,0.074592,0.84664
61.9,0.067487,0.01114,0.073904,0.847468
62.0,0.067471,0.011019,0.073223,0.848287
62.1,0.067458,0.0109,0.072547,0.849096
62.2,0.067447,0.010782,0.071877,0.849894
62.3,0.067439,0.010666,0.071212,0.850684
62.4,0.067433,0.010551,0.070553,0.851463
62.5,0.06743,0.010438,0.0699,0.852233
62.6,0.067429,0.010326,0.069252,0.852993
62.7,0.06743,0.010216,0.068609,0.853744
62.8,0.067434,0.010108,0.067973,0.854486
62.9,0.06744,0.010001,0.067341,0.855218
63.0,0.067448,0.009895,0.066715,0.855941
63.1,0.067459,0.009791,0.066095,0.856655
63.2,0.067472,0.009688,0.06548,0.85736
63.3,0.067487,0.009587,0.06487,0.858056
63.4,0.067504,0.009487,0.064265,0.858743
63.5,0.067524,0.009388,0.063666,0.859422
63.6,0.067545,0.009291,0.063072,0.860092
63.7,0.067569,0.009195,0.062483,0.860753
63.8,0.067595,0.0091,0.0619,0.861405
63.9,0.067622,0.009007,0.061321,0.862049
64.0,0.067652,0.008915,0.060748,0.862685
64.1,0.067684,0.008823,0.06018,0.863312
64.2,0.067718,0.008734,0.059617,0.863931
64.3,0.067754,0.008645,0.059059,0.864542
64.4,0.067792,0.008557,0.058506,0.865145
64.5,0.067831,0.008471,0.057958,0.86574
64.6,0.067873,0.008386,0.057415,0.866327
64.7,0.067916,0.008302,0.056876,0.866906
64.8,0.067962,0.008219,0.056343,0.867477
64.9,0.068009,0.008137,0.055815,0.86804
65.0,0.068058,0.008056,0.055291,0.868596
65.1,0.068108,0.007976,0.054772,0.869144
65.2,0.068161,0.007897,0.054258,0.869684
65.3,0.068215,0.007819,0.053748,0.870218
65.4,0.068271,0.007742,0.053243,0.870743
65.5,0.068329,0.007667,0.052743,0.871262
65.6,0.068388,0.007592,0.052247,0.871773
65.7,0.068449,0.007518,0.051756,0.872277
65.8,0.068512,0.007445,0.05127,0.872774
65.9,0.068576,0.007373,0.050788,0.873263
66.0,0.068642,0.007302,0.05031,0.873746
66.1,0.068709,0.007231,0.049837,0.874222
66.2,0.068779,0.007162,0.049368,0.874691
66.3,0.068849,0.007093,0.048904,0.875153
66.4,0.068921,0.007026,0.048444,0.875609
66.5,0.068995,0.006959,0.047988,0.876058
66.6,0.06907,0.006893,0.047537,0.8765
66.7,0.069147,0.006828,0.04709,0.876936
66.8,0.069225,0.006763,0.046647,0.877365
66.9,0.069305,0.0067,0.046208,0.877788
67.0,0.069386,0.006637,0.045773,0.878204
67.1,0.069468,0.006575,0.045342,0.878614
67.2,0.069552,0.006514,0.044916,0.879018
67.3,0.069638,0.006453,0.044493,0.879416
67.4,0.069724,0.006393,0.044075,0.879808
67.5,0.069812,0.006334,0.04366,0.880193
67.6,0.069902,0.006276,0.04325,0.880573
67.7,0.069993,0.006218,0.042843,0.880946
67.8,0.070085,0.006161,0.04244,0.881314
67.9,0.070178,0.006105,0.042041,0.881676
68.0,0.070273,0.006049,0.041646,0.882032
68.1,0.070369,0.005994,0.041254,0.882383
68.2,0.070466,0.00594,0.040867,0.882728
68.3,0.070564,0.005886,0.040483,0.883067
68.4,0.070664,0.005833,0.040103,0.8834
68.5,0.070765,0.005781,0.039726,0.883728
68.6,0.070867,0.005729,0.039353,0.884051
68.7,0.070971,0.005678,0.038983,0.884368
68.8,0.071075,0.005627,0.038618,0.88468
68.9,0.071181,0.005577,0.038255,0.884987
69.0,0.071288,0.005527,0.037896,0.885288
69.1,0.071396,0.005479,0.037541,0.885585
69.2,0.071505,0.00543,0.037189,0.885876
69.3,0.071615,0.005382,0.03684,0.886162
69.4,0.071727,0.005335,0.036495,0.886443
69.5,0.071839,0.005289,0.036153,0.886719
69.6,0.071953,0.005242,0.035815,0.88699
69.7,0.072068,0.005197,0.03548,0.887256
69.8,0.072183,0.005152,0.035148,0.887517
69.9,0.0723,0.005107,0.034819,0.887774
70.0,0.072418,0.005063,0.034493,0.888026
70.1,0.072537,0.005019,0.034171,0.888273
70.2,0.072657,0.004976,0.033851,0.888515
70.3,0.072778,0.004933,0.033535,0.888753
70.4,0.0729,0.004891,0.033222,0.888987
70.5,0.073023,0.00485,0.032912,0.889215
70.6,0.073147,0.004808,0.032605,0.88944
70.7,0.073272,0.004768,0.032301,0.88966
70.8,0.073398,0.004727,0.032,0.889875
70.9,0.073524,0.004687,0.031702,0.890086
71.0,0.073652,0.004648,0.031407,0.890293
71.1,0.073781,0.004609,0.031114,0.890496
71.2,0.073911,0.00457,0.030825,0.890694
71.3,0.074041,0.004532,0.030538,0.890889
71.4,0.074173,0.004494,0.030255,0.891079
71.5,0.074305,0.004457,0.029974,0.891265
71.6,0.074438,0.00442,0.029695,0.891447
71.7,0.074572,0.004383,0.02942,0.891625
71.8,0.074707,0.004347,0.029147,0.891799
71.9,0.074843,0.004311,0.028877,0.891969
72.0,0.07498,0.004276,0.028609,0.892135
72.1,0.075118,0.004241,0.028344,0.892297
72.2,0.075256,0.004206,0.028082,0.892456
72.3,0.075395,0.004171,0.027822,0.892611
72.4,0.075535,0.004137,0.027565,0.892762
72.5,0.075676,0.004104,0.027311,0.892909
72.6,0.075818,0.004071,0.027059,0.893053
72.7,0.07596,0.004038,0.026809,0.893193
72.8,0.076104,0.004005,0.026562,0.893329
72.9,0.076248,0.003973,0.026317,0.893462
73.0,0.076393,0.003941,0.026075,0.893592
73.1,0.076538,0.003909,0.025835,0.893718
73.2,0.076685,0.003878,0.025597,0.89384
73.3,0.076832,0.003847,0.025362,0.893959
73.4,0.07698,0.003816,0.025129,0.894075
73.5,0.077128,0.003786,0.024898,0.894187
73.6,0.077278,0.003756,0.02467,0.894296
73.7,0.077428,0.003726,0.024444,0.894402
73.8,0.077578,0.003697,0.02422,0.894505
73.9,0.07773,0.003668,0.023998,0.894604
74.0,0.077882,0.003639,0.023779,0.8947
74.1,0.078035,0.00361,0.023562,0.894793
74.2,0.078188,0.003582,0.023346,0.894883
74.3,0.078343,0.003554,0.023133,0.89497
74.4,0.078498,0.003526,0.022922,0.895054
74.5,0.078653,0.003499,0.022713,0.895134
74.6,0.078809,0.003472,0.022507,0.895212
74.7,0.078966,0.003445,0.022302,0.895287
74.8,0.079124,0.003418,0.022099,0.895359
74.9,0.079282,0.003392,0.021898,0.895428
75.0,0.079441,0.003366,0.0217,0.895494
75.1,0.0796,0.00334,0.021503,0.895557
75.2,0.07976,0.003314,0.021308,0.895618
75.3,0.079921,0.003289,0.021115,0.895675
75.4,0.080082,0.003264,0.020924,0.89573
75.5,0.080244,0.003239,0.020735,0.895782
75.6,0.080407,0.003214,0.020547,0.895832
75.7,0.08057,0.00319,0.020362,0.895878
75.8,0.080734,0.003166,0.020178,0.895923
75.9,0.080898,0.003142,0.019996,0.895964
76.0,0.081063,0.003118,0.019816,0.896003
76.1,0.081228,0.003094,0.019638,0.896039
76.2,0.081394,0.003071,0.019461,0.896073
76.3,0.081561,0.003048,0.019287,0.896104
76.4,0.081728,0.003025,0.019114,0.896133
76.5,0.081896,0.003003,0.018942,0.896159
76.6,0.082064,0.00298,0.018773,0.896183
76.7,0.082233,0.002958,0.018605,0.896205
76.8,0.082402,0.002936,0.018438,0.896224
76.9,0.082572,0.002914,0.018273,0.89624
77.0,0.082742,0.002893,0.01811,0.896255
77.1,0.082913,0.002871,0.017949,0.896267
77.2,0.083085,0.00285,0.017789,0.896276
77.3,0.083257,0.002829,0.017631,0.896284
77.4,0.083429,0.002808,0.017474,0.896289
77.5,0.083602,0.002788,0.017319,0.896292
77.6,0.083775,0.002767,0.017165,0.896293
77.7,0.083949,0.002747,0.017013,0.896291
77.8,0.084124,0.002727,0.016862,0.896288
77.9,0.084298,0.002707,0.016713,0.896282
78.0,0.084474,0.002687,0.016565,0.896274
78.1,0.08465,0.002668,0.016418,0.896264
78.2,0.084826,0.002648,0.016274,0.896252
78.3,0.085003,0.002629,0.01613,0.896238
78.4,0.08518,0.00261,0.015988,0.896222
78.5,0.085358,0.002591,0.015847,0.896204
78.6,0.085536,0.002573,0.015708,0.896184
78.7,0.085714,0.002554,0.01557,0.896162
78.8,0.085893,0.002536,0.015433,0.896137
78.9,0.086073,0.002518,0.015298,0.896111
79.0,0.086253,0.0025,0.015164,0.896084
79.1,0.086433,0.002482,0.015031,0.896054
79.2,0.086614,0.002464,0.0149,0.896022
79.3,0.086795,0.002447,0.01477,0.895988
79.4,0.086976,0.002429,0.014641,0.895953
79.5,0.087158,0.002412,0.014514,0.895916
79.6,0.087341,0.002395,0.014387,0.895877
79.7,0.087524,0.002378,0.014262,0.895836
79.8,0.087707,0.002361,0.014138,0.895794
79.9,0.087891,0.002345,0.014016,0.895749
80.0,0.088075,0.002328,0.013894,0.895703
80.1,0.088259,0.002312,0.013774,0.895655
80.2,0.088444,0.002296,0.013655,0.895606
80.3,0.088629,0.002279,0.013537,0.895555
80.4,0.088814,0.002264,0.01342,0.895502
80.5,0.089,0.002248,0.013304,0.895448
80.6,0.089187,0.002232,0.01319,0.895391
80.7,0.089373,0.002217,0.013076,0.895334
80.8,0.08956,0.002201,0.012964,0.895274
80.9,0.089748,0.002186,0.012853,0.895214
81.0,0.089936,0.002171,0.012742,0.895151
81.1,0.090124,0.002156,0.012633,0.895087
81.2,0.090312,0.002141,0.012525,0.895022
81.3,0.090501,0.002126,0.012418,0.894955
81.4,0.09069,0.002112,0.012312,0.894886
81.5,0.09088,0.002097,0.012207,0.894816
81.6,0.09107,0.002083,0.012103,0.894745
81.7,0.09126,0.002068,0.012,0.894672
81.8,0.09145,0.002054,0.011898,0.894597
81.9,0.091641,0.00204,0.011797,0.894521
82.0,0.091832,0.002026,0.011697,0.894444
82.1,0.092024,0.002013,0.011598,0.894365
82.2,0.092216,0.001999,0.0115,0.894285
82.3,0.092408,0.001985,0.011403,0.894204
82.4,0.0926,0.001972,0.011306,0.894121
82.5,0.092793,0.001959,0.011211,0.894037
82.6,0.092986,0.001945,0.011117,0.893952
82.7,0.09318,0.001932,0.011023,0.893865
82.8,0.093373,0.001919,0.010931,0.893777
82.9,0.093567,0.001906,0.010839,0.893687
83.0,0.093761,0.001894,0.010748,0.893597
83.1,0.093956,0.001881,0.010658,0.893505
83.2,0.094151,0.001868,0.010569,0.893412
83.3,0.094346,0.001856,0.010481,0.893317
83.4,0.094542,0.001844,0.010393,0.893222
83.5,0.094737,0.001831,0.010307,0.893125
83.6,0.094933,0.001819,0.010221,0.893027
83.7,0.09513,0.001807,0.010136,0.892928
83.8,0.095326,0.001795,0.010052,0.892827
83.9,0.095523,0.001783,0.009968,0.892726
84.0,0.09572,0.001771,0.009886,0.892623
84.1,0.095917,0.00176,0.009804,0.892519
84.2,0.096115,0.001748,0.009723,0.892414
84.3,0.096313,0.001737,0.009643,0.892308
84.4,0.096511,0.001725,0.009563,0.8922
84.5,0.09671,0.001714,0.009484,0.892092
84.6,0.096908,0.001703,0.009406,0.891983
84.7,0.097107,0.001692,0.009329,0.891872
84.8,0.097306,0.001681,0.009253,0.89176
84.9,0.097506,0.00167,0.009177,0.891648
85.0,0.097705,0.001659,0.009102,0.891534
85.1,0.097905,0.001648,0.009027,0.891419
85.2,0.098106,0.001637,0.008954,0.891304
85.3,0.098306,0.001627,0.008881,0.891187
85.4,0.098507,0.001616,0.008808,0.891069
85.5,0.098707,0.001606,0.008737,0.89095
85.6,0.098908,0.001595,0.008666,0.89083
85.7,0.09911,0.001585,0.008596,0.89071
85.8,0.099311,0.001575,0.008526,0.890588
85.9,0.099513,0.001565,0.008457,0.890465
86.0,0.099715,0.001555,0.008389,0.890342
86.1,0.099917,0.001545,0.008321,0.890217
86.2,0.10012,0.001535,0.008254,0.890092
86.3,0.100322,0.001525,0.008187,0.889965
86.4,0.100525,0.001515,0.008122,0.889838
86.5,0.100728,0.001506,0.008056,0.88971
86.6,0.100932,0.001496,0.007992,0.889581
86.7,0.101135,0.001487,0.007928,0.889451
86.8,0.101339,0.001477,0.007864,0.88932
86.9,0.101543,0.001468,0.007802,0.889188
87.0,0.101747,0.001458,0.007739,0.889055
87.1,0.101951,0.001449,0.007678,0.888922
87.2,0.102156,0.00144,0.007617,0.888788
87.3,0.10236,0.001431,0.007556,0.888653
87.4,0.102565,0.001422,0.007496,0.888517
87.5,0.10277,0.001413,0.007437,0.88838
87.6,0.102976,0.001404,0.007378,0.888242
87.7,0.103181,0.001396,0.00732,0.888104
87.8,0.103387,0.001387,0.007262,0.887965
87.9,0.103593,0.001378,0.007204,0.887825
88.0,0.103799,0.00137,0.007148,0.887684
88.1,0.104005,0.001361,0.007092,0.887543
88.2,0.104211,0.001353,0.007036,0.8874
88.3,0.104418,0.001344,0.006981,0.887257
88.4,0.104624,0.001336,0.006926,0.887114
88.5,0.104831,0.001328,0.006872,0.886969
88.6,0.105038,0.001319,0.006818,0.886824
88.7,0.105246,0.001311,0.006765,0.886678
88.8,0.105453,0.001303,0.006712,0.886532
88.9,0.105661,0.001295,0.00666,0.886384
89.0,0.105868,0.001287,0.006608,0.886236
89.1,0.106076,0.001279,0.006557,0.886087
89.2,0.106284,0.001271,0.006506,0.885938
89.3,0.106493,0.001264,0.006456,0.885788
89.4,0.106701,0.001256,0.006406,0.885637
89.5,0.106909,0.001248,0.006357,0.885486
89.6,0.107118,0.001241,0.006308,0.885333
89.7,0.107327,0.001233,0.006259,0.885181
89.8,0.107536,0.001226,0.006211,0.885027
89.9,0.107745,0.001218,0.006163,0.884873
90.0,0.107954,0.001211,0.006116,0.884718
90.1,0.108164,0.001204,0.006069,0.884563
90.2,0.108373,0.001196,0.006023,0.884407
90.3,0.108583,0.001189,0.005977,0.884251
90.4,0.108793,0.001182,0.005932,0.884093
90.5,0.109003,0.001175,0.005886,0.883936
90.6,0.109213,0.001168,0.005842,0.883777
90.7,0.109424,0.001161,0.005797,0.883618
90.8,0.109634,0.001154,0.005753,0.883459
90.9,0.109845,0.001147,0.00571,0.883299
91.0,0.110055,0.00114,0.005667,0.883138
91.1,0.110266,0.001133,0.005624,0.882977
91.2,0.110477,0.001127,0.005582,0.882815
91.3,0.110688,0.00112,0.00554,0.882652
91.4,0.110899,0.001113,0.005498,0.882489
91.5,0.111111,0.001107,0.005457,0.882326
91.6,0.111322,0.0011,0.005416,0.882162
91.7,0.111534,0.001094,0.005375,0.881997
91.8,0.111746,0.001087,0.005335,0.881832
91.9,0.111957,0.001081,0.005295,0.881667
92.0,0.112169,0.001074,0.005256,0.8815
92.1,0.112382,0.001068,0.005217,0.881334
92.2,0.112594,0.001062,0.005178,0.881166
92.3,0.112806,0.001056,0.00514,0.880999
92.4,0.113018,0.001049,0.005102,0.880831
92.5,0.113231,0.001043,0.005064,0.880662
92.6,0.113444,0.001037,0.005026,0.880493
92.7,0.113656,0.001031,0.004989,0.880323
92.8,0.113869,0.001025,0.004953,0.880153
92.9,0.114082,0.001019,0.004916,0.879982
93.0,0.114295,0.001013,0.00488,0.879811
93.1,0.114509,0.001007,0.004844,0.87964
93.2,0.114722,0.001002,0.004809,0.879468
93.3,0.114935,0.000996,0.004774,0.879295
93.4,0.115149,0.00099,0.004739,0.879122
93.5,0.115363,0.000984,0.004704,0.878949
93.6,0.115576,0.000979,0.00467,0.878775
93.7,0.11579,0.000973,0.004636,0.878601
93.8,0.116004,0.000968,0.004602,0.878426
93.9,0.116218,0.000962,0.004569,0.878251
94.0,0.116432,0.000956,0.004536,0.878075
94.1,0.116646,0.000951,0.004503,0.877899
94.2,0.116861,0.000946,0.004471,0.877723
94.3,0.117075,0.00094,0.004439,0.877546
94.4,0.11729,0.000935,0.004407,0.877369
94.5,0.117504,0.00093,0.004375,0.877191
94.6,0.117719,0.000924,0.004344,0.877013
94.7,0.117934,0.000919,0.004313,0.876835
94.8,0.118148,0.000914,0.004282,0.876656
94.9,0.118363,0.000909,0.004251,0.876477
95.0,0.118578,0.000904,0.004221,0.876297
95.1,0.118793,0.000899,0.004191,0.876117
95.2,0.119009,0.000894,0.004161,0.875937
95.3,0.119224,0.000889,0.004131,0.875756
95.4,0.119439,0.000884,0.004102,0.875575
95.5,0.119655,0.000879,0.004073,0.875394
95.6,0.11987,0.000874,0.004044,0.875212
95.7,0.120086,0.000869,0.004016,0.87503
95.8,0.120301,0.000864,0.003988,0.874847
95.9,0.120517,0.000859,0.00396,0.874664
96.0,0.120733,0.000854,0.003932,0.874481
96.1,0.120949,0.00085,0.003904,0.874297
96.2,0.121165,0.000845,0.003877,0.874113
96.3,0.121381,0.00084,0.00385,0.873929
96.4,0.121597,0.000836,0.003823,0.873745
96.5,0.121813,0.000831,0.003796,0.87356
96.6,0.122029,0.000827,0.00377,0.873374
96.7,0.122246,0.000822,0.003744,0.873189
96.8,0.122462,0.000818,0.003718,0.873003
96.9,0.122678,0.000813,0.003692,0.872817
97.0,0.122895,0.000809,0.003666,0.87263
97.1,0.123112,0.000804,0.003641,0.872443
97.2,0.123328,0.0008,0.003616,0.872256
97.3,0.123545,0.000795,0.003591,0.872069
97.4,0.123762,0.000791,0.003566,0.871881
97.5,0.123979,0.000787,0.003542,0.871693
97.6,0.124195,0.000783,0.003518,0.871504
97.7,0.124412,0.000778,0.003494,0.871316
97.8,0.124629,0.000774,0.00347,0.871127
97.9,0.124846,0.00077,0.003446,0.870937
98.0,0.125064,0.000766,0.003423,0.870748
98.1,0.125281,0.000762,0.003399,0.870558
98.2,0.125498,0.000758,0.003376,0.870368
98.3,0.125715,0.000754,0.003353,0.870178
98.4,0.125933,0.00075,0.003331,0.869987
98.5,0.12615,0.000746,0.003308,0.869796
98.6,0.126368,0.000742,0.003286,0.869605
98.7,0.126585,0.000738,0.003264,0.869414
