time,S,E,I,R
0.0,0.999,0.0,0.001,0.0
0.1,0.99895,5e-05,0.000986,1.4e-05
0.2,0.998901,9.8e-05,0.000973,2.8e-05
0.3,0.998852,0.000143,0.000963,4.2e-05
0.4,0.998804,0.000186,0.000954,5.6e-05
0.5,0.998757,0.000228,0.000946,7e-05
0.6,0.998709,0.000267,0.00094,8.3e-05
0.7,0.998662,0.000305,0.000936,9.7e-05
0.8,0.998616,0.000342,0.000933,0.00011
0.9,0.998569,0.000377,0.000931,0.000123
1.0,0.998523,0.000411,0.00093,0.000136
1.1,0.998476,0.000444,0.00093,0.00015
1.2,0.99843,0.000475,0.000932,0.000163
1.3,0.998383,0.000506,0.000934,0.000176
1.4,0.998337,0.000536,0.000938,0.000189
1.5,0.99829,0.000565,0.000942,0.000203
1.6,0.998243,0.000593,0.000948,0.000216
1.7,0.998196,0.00062,0.000954,0.00023
1.8,0.998148,0.000647,0.000961,0.000243
1.9,0.9981,0.000674,0.000969,0.000257
2.0,0.998052,0.0007,0.000977,0.000271
2.1,0.998003,0.000725,0.000987,0.000285
2.2,0.997954,0.00075,0.000997,0.000299
2.3,0.997905,0.000775,0.001008,0.000313
2.4,0.997854,0.000799,0.001019,0.000327
2.5,0.997804,0.000824,0.001031,0.000342
2.6,0.997752,0.000848,0.001044,0.000356
2.7,0.9977,0.000871,0.001057,0.000371
2.8,0.997648,0.000895,0.001071,0.000386
2.9,0.997594,0.000919,0.001086,0.000401
3.0,0.99754,0.000942,0.001101,0.000417
3.1,0.997486,0.000966,0.001117,0.000432
3.2,0.99743,0.000989,0.001133,0.000448
3.3,0.997374,0.001013,0.00115,0.000464
3.4,0.997316,0.001036,0.001167,0.00048
3.5,0.997258,0.00106,0.001185,0.000497
3.6,0.997199,0.001084,0.001203,0.000514
3.7,0.99714,0.001108,0.001222,0.000531
3.8,0.997079,0.001132,0.001242,0.000548
3.9,0.997017,0.001156,0.001262,0.000566
4.0,0.996954,0.00118,0.001282,0.000584
4.1,0.996891,0.001205,0.001303,0.000602
4.2,0.996826,0.001229,0.001325,0.00062
4.3,0.99676,0.001255,0.001347,0.000639
4.4,0.996693,0.00128,0.001369,0.000658
4.5,0.996625,0.001305,0.001392,0.000677
4.6,0.996556,0.001331,0.001416,0.000697
4.7,0.996485,0.001357,0.00144,0.000717
4.8,0.996414,0.001384,0.001465,0.000737
4.9,0.996341,0.001411,0.00149,0.000758
5.0,0.996267,0.001438,0.001516,0.000779
5.1,0.996192,0.001466,0.001542,0.000801
5.2,0.996115,0.001494,0.001569,0.000823
5.3,0.996037,0.001522,0.001596,0.000845
5.4,0.995958,0.001551,0.001624,0.000867
5.5,0.995877,0.00158,0.001653,0.00089
5.6,0.995795,0.001609,0.001682,0.000914
5.7,0.995712,0.00164,0.001711,0.000937
5.8,0.995627,0.00167,0.001742,0.000962
5.9,0.99554,0.001701,0.001772,0.000986
6.0,0.995452,0.001733,0.001804,0.001011
6.1,0.995363,0.001765,0.001836,0.001037
6.2,0.995272,0.001797,0.001868,0.001063
6.3,0.995179,0.00183,0.001902,0.001089
6.4,0.995085,0.001864,0.001935,0.001116
6.5,0.994989,0.001898,0.00197,0.001143
6.6,0.994891,0.001933,0.002005,0.001171
6.7,0.994792,0.001968,0.002041,0.001199
6.8,0.994691,0.002004,0.002077,0.001228
6.9,0.994588,0.00204,0.002114,0.001258
7.0,0.994483,0.002078,0.002152,0.001287
7.1,0.994376,0.002115,0.002191,0.001318
7.2,0.994268,0.002154,0.00223,0.001349
7.3,0.994157,0.002193,0.00227,0.00138
7.4,0.994045,0.002233,0.00231,0.001412
7.5,0.99393,0.002273,0.002352,0.001445
7.6,0.993814,0.002314,0.002394,0.001478
7.7,0.993695,0.002356,0.002437,0.001512
7.8,0.993574,0.002398,0.002481,0.001546
7.9,0.993452,0.002442,0.002525,0.001581
8.0,0.993327,0.002486,0.002571,0.001617
8.1,0.993199,0.002531,0.002617,0.001653
8.2,0.99307,0.002576,0.002664,0.00169
8.3,0.992938,0.002623,0.002711,0.001728
8.4,0.992804,0.00267,0.00276,0.001766
8.5,0.992667,0.002718,0.00281,0.001805
8.6,0.992529,0.002767,0.00286,0.001845
8.7,0.992387,0.002816,0.002912,0.001885
8.8,0.992243,0.002867,0.002964,0.001926
8.9,0.992097,0.002918,0.003017,0.001968
9.0,0.991947,0.002971,0.003071,0.00201
9.1,0.991796,0.003024,0.003126,0.002054
9.2,0.991641,0.003078,0.003183,0.002098
9.3,0.991484,0.003134,0.00324,0.002143
9.4,0.991324,0.00319,0.003298,0.002188
9.5,0.991161,0.003247,0.003357,0.002235
9.6,0.990995,0.003305,0.003417,0.002282
9.7,0.990827,0.003364,0.003479,0.002331
9.8,0.990655,0.003424,0.003541,0.00238
9.9,0.99048,0.003486,0.003605,0.002429
10.0,0.990302,0.003548,0.003669,0.00248
10.1,0.990121,0.003611,0.003735,0.002532
10.2,0.989937,0.003676,0.003802,0.002585
10.3,0.98975,0.003742,0.00387,0.002638
10.4,0.989559,0.003808,0.00394,0.002693
10.5,0.989365,0.003876,0.004011,0.002748
10.6,0.989167,0.003946,0.004082,0.002805
10.7,0.988966,0.004016,0.004156,0.002863
10.8,0.988761,0.004088,0.00423,0.002921
10.9,0.988553,0.00416,0.004306,0.002981
11.0,0.988341,0.004235,0.004383,0.003041
11.1,0.988125,0.00431,0.004462,0.003103
11.2,0.987905,0.004387,0.004542,0.003166
11.3,0.987682,0.004465,0.004623,0.00323
11.4,0.987455,0.004544,0.004706,0.003295
11.5,0.987223,0.004625,0.00479,0.003362
11.6,0.986988,0.004708,0.004876,0.003429
11.7,0.986748,0.004791,0.004963,0.003498
11.8,0.986504,0.004876,0.005052,0.003568
11.9,0.986256,0.004963,0.005142,0.003639
12.0,0.986003,0.005051,0.005234,0.003711
12.1,0.985746,0.005141,0.005328,0.003785
12.2,0.985485,0.005232,0.005423,0.00386
12.3,0.985219,0.005325,0.00552,0.003937
12.4,0.984948,0.005419,0.005619,0.004014
12.5,0.984672,0.005515,0.005719,0.004094
12.6,0.984392,0.005613,0.005821,0.004174
12.7,0.984106,0.005712,0.005925,0.004256
12.8,0.983816,0.005814,0.006031,0.00434
12.9,0.98352,0.005916,0.006138,0.004425
13.0,0.98322,0.006021,0.006248,0.004511
13.1,0.982914,0.006128,0.006359,0.004599
13.2,0.982603,0.006236,0.006473,0.004689
13.3,0.982286,0.006346,0.006588,0.00478
13.4,0.981964,0.006458,0.006706,0.004873
13.5,0.981636,0.006572,0.006825,0.004967
13.6,0.981302,0.006688,0.006947,0.005063
13.7,0.980963,0.006806,0.00707,0.005161
13.8,0.980617,0.006926,0.007196,0.005261
13.9,0.980266,0.007048,0.007324,0.005362
14.0,0.979908,0.007172,0.007455,0.005465
14.1,0.979545,0.007298,0.007587,0.00557
14.2,0.979175,0.007426,0.007722,0.005677
14.3,0.978798,0.007557,0.007859,0.005786
14.4,0.978415,0.00769,0.007999,0.005897
14.5,0.978025,0.007825,0.008141,0.006009
14.6,0.977629,0.007962,0.008285,0.006124
14.7,0.977225,0.008101,0.008432,0.006241
14.8,0.976815,0.008243,0.008582,0.006359
14.9,0.976398,0.008388,0.008734,0.00648
15.0,0.975973,0.008535,0.008889,0.006603
15.1,0.975541,0.008684,0.009047,0.006728
15.2,0.975102,0.008836,0.009207,0.006856
15.3,0.974655,0.00899,0.00937,0.006985
15.4,0.9742,0.009147,0.009536,0.007117
15.5,0.973738,0.009307,0.009704,0.007252
15.6,0.973267,0.009469,0.009876,0.007388
15.7,0.972788,0.009634,0.01005,0.007527
15.8,0.972302,0.009802,0.010228,0.007669
15.9,0.971807,0.009972,0.010409,0.007813
16.0,0.971303,0.010145,0.010592,0.007959
16.1,0.970791,0.010322,0.010779,0.008109
16.2,0.97027,0.010501,0.010969,0.00826
16.3,0.96974,0.010683,0.011162,0.008415
16.4,0.969201,0.010868,0.011359,0.008572
16.5,0.968653,0.011056,0.011559,0.008732
16.6,0.968095,0.011248,0.011763,0.008895
16.7,0.967528,0.011442,0.011969,0.00906
16.8,0.966952,0.01164,0.01218,0.009229
16.9,0.966366,0.01184,0.012394,0.0094
17.0,0.965769,0.012045,0.012611,0.009575
17.1,0.965163,0.012252,0.012833,0.009752
17.2,0.964546,0.012463,0.013058,0.009933
17.3,0.963919,0.012677,0.013287,0.010117
17.4,0.963282,0.012895,0.01352,0.010304
17.5,0.962633,0.013116,0.013756,0.010494
17.6,0.961974,0.013341,0.013997,0.010688
17.7,0.961304,0.01357,0.014242,0.010885
17.8,0.960622,0.013802,0.014491,0.011085
17.9,0.959929,0.014038,0.014744,0.011289
18.0,0.959225,0.014278,0.015001,0.011497
18.1,0.958508,0.014521,0.015263,0.011708
18.2,0.95778,0.014769,0.015529,0.011923
18.3,0.95704,0.01502,0.015799,0.012141
18.4,0.956287,0.015275,0.016074,0.012364
18.5,0.955522,0.015535,0.016354,0.01259
18.6,0.954744,0.015798,0.016638,0.01282
18.7,0.953953,0.016066,0.016927,0.013054
18.8,0.95315,0.016338,0.01722,0.013292
18.9,0.952333,0.016614,0.017519,0.013535
19.0,0.951502,0.016894,0.017822,0.013781
19.1,0.950658,0.017179,0.018131,0.014032
19.2,0.9498,0.017468,0.018445,0.014287
19.3,0.948928,0.017762,0.018763,0.014547
19.4,0.948042,0.01806,0.019087,0.014811
19.5,0.947141,0.018363,0.019417,0.01508
19.6,0.946226,0.01867,0.019751,0.015353
19.7,0.945295,0.018982,0.020092,0.015631
19.8,0.94435,0.019299,0.020437,0.015914
19.9,0.943389,0.019621,0.020789,0.016201
20.0,0.942413,0.019947,0.021146,0.016494
20.1,0.941421,0.020279,0.021509,0.016791
20.2,0.940413,0.020615,0.021877,0.017094
20.3,0.939389,0.020957,0.022252,0.017402
20.4,0.938349,0.021304,0.022633,0.017715
20.5,0.937292,0.021655,0.023019,0.018033
20.6,0.936218,0.022012,0.023412,0.018357
20.7,0.935127,0.022374,0.023812,0.018687
20.8,0.934019,0.022742,0.024217,0.019022
20.9,0.932893,0.023115,0.024629,0.019362
21.0,0.93175,0.023493,0.025048,0.019709
21.1,0.930588,0.023877,0.025473,0.020061
21.2,0.929408,0.024266,0.025905,0.02042
21.3,0.92821,0.024661,0.026344,0.020784
21.4,0.926993,0.025062,0.02679,0.021155
21.5,0.925757,0.025468,0.027243,0.021532
21.6,0.924502,0.02588,0.027702,0.021915
21.7,0.923228,0.026298,0.028169,0.022305
21.8,0.921934,0.026722,0.028643,0.022701
21.9,0.920619,0.027152,0.029125,0.023104
22.0,0.919285,0.027587,0.029614,0.023514
22.1,0.91793,0.028029,0.03011,0.023931
22.2,0.916555,0.028476,0.030615,0.024354
22.3,0.915159,0.02893,0.031126,0.024785
22.4,0.913741,0.02939,0.031646,0.025223
22.5,0.912302,0.029856,0.032174,0.025668
22.6,0.910842,0.030329,0.032709,0.02612
22.7,0.909359,0.030807,0.033253,0.026581
22.8,0.907854,0.031292,0.033805,0.027048
22.9,0.906327,0.031784,0.034365,0.027524
23.0,0.904778,0.032282,0.034934,0.028007
23.1,0.903205,0.032786,0.035511,0.028499
23.2,0.901609,0.033297,0.036096,0.028998
23.3,0.89999,0.033814,0.03669,0.029506
23.4,0.898347,0.034338,0.037293,0.030022
23.5,0.89668,0.034868,0.037905,0.030546
23.6,0.894989,0.035406,0.038526,0.03108
23.7,0.893273,0.035949,0.039156,0.031621
23.8,0.891533,0.0365,0.039795,0.032172
23.9,0.889768,0.037057,0.040443,0.032732
24.0,0.887978,0.037621,0.0411,0.033301
24.1,0.886162,0.038192,0.041767,0.033879
24.2,0.884321,0.03877,0.042444,0.034466
24.3,0.882454,0.039354,0.04313,0.035063
24.4,0.88056,0.039945,0.043825,0.035669
24.5,0.87864,0.040543,0.044531,0.036286
24.6,0.876694,0.041148,0.045246,0.036912
24.7,0.874721,0.04176,0.045971,0.037548
24.8,0.87272,0.042378,0.046706,0.038195
24.9,0.870693,0.043004,0.047452,0.038851
25.0,0.868638,0.043636,0.048207,0.039519
25.1,0.866555,0.044275,0.048973,0.040197
25.2,0.864444,0.044921,0.04975,0.040885
25.3,0.862305,0.045574,0.050536,0.041585
25.4,0.860137,0.046234,0.051333,0.042295
25.5,0.857941,0.046901,0.052141,0.043017
25.6,0.855716,0.047574,0.05296,0.04375
25.7,0.853462,0.048254,0.053789,0.044495
25.8,0.851179,0.048941,0.054629,0.045251
25.9,0.848867,0.049635,0.05548,0.046019
26.0,0.846525,0.050335,0.056342,0.046799
26.1,0.844153,0.051042,0.057215,0.047591
26.2,0.841751,0.051755,0.058099,0.048395
26.3,0.839319,0.052475,0.058994,0.049212
26.4,0.836856,0.053202,0.0599,0.050041
26.5,0.834364,0.053935,0.060818,0.050883
26.6,0.831841,0.054674,0.061747,0.051738
26.7,0.829287,0.05542,0.062687,0.052606
26.8,0.826702,0.056172,0.063639,0.053487
26.9,0.824086,0.05693,0.064603,0.054382
27.0,0.821439,0.057694,0.065577,0.05529
27.1,0.81876,0.058465,0.066564,0.056211
27.2,0.816051,0.059241,0.067562,0.057147
27.3,0.81331,0.060023,0.068571,0.058096
27.4,0.810537,0.06081,0.069592,0.05906
27.5,0.807733,0.061604,0.070625,0.060038
27.6,0.804897,0.062403,0.07167,0.06103
27.7,0.80203,0.063207,0.072726,0.062038
27.8,0.79913,0.064016,0.073794,0.06306
27.9,0.796199,0.064831,0.074873,0.064096
28.0,0.793236,0.065651,0.075965,0.065148
28.1,0.790241,0.066475,0.077068,0.066216
28.2,0.787214,0.067305,0.078183,0.067299
28.3,0.784155,0.068138,0.07931,0.068397
28.4,0.781064,0.068977,0.080448,0.069511
28.5,0.777941,0.069819,0.081598,0.070642
28.6,0.774787,0.070666,0.082759,0.071788
28.7,0.7716,0.071516,0.083933,0.072951
28.8,0.768382,0.072371,0.085117,0.07413
28.9,0.765133,0.073228,0.086314,0.075325
29.0,0.761851,0.074089,0.087522,0.076538
29.1,0.758538,0.074954,0.088741,0.077767
29.2,0.755194,0.075821,0.089972,0.079013
29.3,0.751818,0.076691,0.091214,0.080277
29.4,0.748411,0.077563,0.092467,0.081558
29.5,0.744973,0.078438,0.093732,0.082857
29.6,0.741505,0.079315,0.095007,0.084173
29.7,0.738005,0.080193,0.096294,0.085507
29.8,0.734476,0.081074,0.097591,0.086859
29.9,0.730915,0.081955,0.0989,0.08823
30.0,0.727325,0.082838,0.100219,0.089619
30.1,0.723705,0.083721,0.101548,0.091026
30.2,0.720056,0.084605,0.102888,0.092451
30.3,0.716377,0.085489,0.104239,0.093896
30.4,0.712669,0.086373,0.105599,0.095359
30.5,0.708932,0.087257,0.10697,0.096842
30.6,0.705167,0.08814,0.10835,0.098343
30.7,0.701373,0.089022,0.10974,0.099864
30.8,0.697552,0.089903,0.11114,0.101405
30.9,0.693704,0.090783,0.112549,0.102965
31.0,0.689828,0.09166,0.113967,0.104544
31.1,0.685926,0.092536,0.115394,0.106144
31.2,0.681998,0.093409,0.11683,0.107763
31.3,0.678043,0.094279,0.118275,0.109403
31.4,0.674063,0.095146,0.119728,0.111062
31.5,0.670059,0.09601,0.121189,0.112742
31.6,0.666029,0.09687,0.122658,0.114443
31.7,0.661976,0.097726,0.124135,0.116163
31.8,0.657899,0.098577,0.125619,0.117905
31.9,0.653799,0.099423,0.12711,0.119667
32.0,0.649677,0.100264,0.128609,0.12145
32.1,0.645532,0.1011,0.130114,0.123254
32.2,0.641366,0.101929,0.131625,0.125079
32.3,0.63718,0.102753,0.133142,0.126925
32.4,0.632973,0.103569,0.134665,0.128793
32.5,0.628746,0.104379,0.136194,0.130681
32.6,0.6245,0.105181,0.137727,0.132591
32.7,0.620236,0.105976,0.139266,0.134522
32.8,0.615954,0.106762,0.140809,0.136475
32.9,0.611655,0.10754,0.142356,0.138449
33.0,0.607339,0.108309,0.143907,0.140445
33.1,0.603008,0.109069,0.145462,0.142462
33.2,0.598661,0.109819,0.147019,0.144501
33.3,0.5943,0.110559,0.14858,0.146562
33.4,0.589925,0.111289,0.150142,0.148644
33.5,0.585537,0.112008,0.151707,0.150748
33.6,0.581137,0.112716,0.153273,0.152874
33.7,0.576725,0.113412,0.154841,0.155022
33.8,0.572302,0.114097,0.156409,0.157192
33.9,0.56787,0.114769,0.157978,0.159383
34.0,0.563428,0.115429,0.159547,0.161596
34.1,0.558978,0.116076,0.161115,0.163831
34.2,0.554519,0.11671,0.162683,0.166088
34.3,0.550054,0.11733,0.164249,0.168366
34.4,0.545583,0.117936,0.165814,0.170667
34.5,0.541107,0.118528,0.167376,0.172989
34.6,0.536626,0.119106,0.168936,0.175332
34.7,0.532141,0.119668,0.170493,0.177698
34.8,0.527653,0.120216,0.172046,0.180085
34.9,0.523164,0.120748,0.173596,0.182493
35.0,0.518673,0.121264,0.175141,0.184923
35.1,0.514181,0.121764,0.176681,0.187374
35.2,0.50969,0.122247,0.178215,0.189847
35.3,0.505201,0.122714,0.179744,0.192341
35.4,0.500713,0.123164,0.181267,0.194856
35.5,0.496228,0.123597,0.182783,0.197392
35.6,0.491747,0.124012,0.184292,0.199949
35.7,0.487271,0.124409,0.185793,0.202527
35.8,0.4828,0.124789,0.187286,0.205126
35.9,0.478335,0.12515,0.18877,0.207745
36.0,0.473877,0.125493,0.190245,0.210385
36.1,0.469427,0.125818,0.19171,0.213045
36.2,0.464986,0.126124,0.193165,0.215726
36.3,0.460554,0.12641,0.19461,0.218426
36.4,0.456132,0.126678,0.196043,0.221146
36.5,0.451722,0.126927,0.197465,0.223886
36.6,0.447323,0.127156,0.198875,0.226646
36.7,0.442937,0.127365,0.200273,0.229425
36.8,0.438565,0.127555,0.201657,0.232223
36.9,0.434206,0.127725,0.203028,0.23504
37.0,0.429863,0.127876,0.204385,0.237876
37.1,0.425535,0.128006,0.205728,0.240731
37.2,0.421224,0.128116,0.207056,0.243604
37.3,0.41693,0.128207,0.208369,0.246495
37.4,0.412653,0.128277,0.209665,0.249404
37.5,0.408396,0.128327,0.210946,0.252331
37.6,0.404157,0.128357,0.21221,0.255276
37.7,0.399939,0.128367,0.213457,0.258237
37.8,0.395741,0.128356,0.214687,0.261216
37.9,0.391565,0.128326,0.215898,0.264211
38.0,0.38741,0.128275,0.217092,0.267223
38.1,0.383278,0.128204,0.218266,0.270251
38.2,0.37917,0.128114,0.219421,0.273295
38.3,0.375085,0.128003,0.220557,0.276355
38.4,0.371024,0.127873,0.221673,0.27943
38.5,0.366988,0.127723,0.222769,0.28252
38.6,0.362978,0.127553,0.223844,0.285625
38.7,0.358994,0.127364,0.224898,0.288745
38.8,0.355036,0.127155,0.225931,0.291878
38.9,0.351105,0.126927,0.226941,0.295026
39.0,0.347202,0.12668,0.22793,0.298187
39.1,0.343327,0.126415,0.228897,0.301362
39.2,0.33948,0.12613,0.229841,0.304549
39.3,0.335662,0.125827,0.230762,0.307749
39.4,0.331874,0.125506,0.231659,0.310961
39.5,0.328115,0.125166,0.232533,0.314186
39.6,0.324386,0.124809,0.233384,0.317421
39.7,0.320688,0.124434,0.23421,0.320669
39.8,0.31702,0.124042,0.235012,0.323927
39.9,0.313384,0.123632,0.235789,0.327195
40.0,0.309779,0.123206,0.236542,0.330474
40.1,0.306205,0.122763,0.23727,0.333762
40.2,0.302664,0.122303,0.237972,0.337061
40.3,0.299155,0.121828,0.238649,0.340368
40.4,0.295679,0.121336,0.239301,0.343684
40.5,0.292235,0.12083,0.239927,0.347008
40.6,0.288824,0.120308,0.240527,0.350341
40.7,0.285447,0.119771,0.241101,0.353681
40.8,0.282103,0.11922,0.241649,0.357028
40.9,0.278792,0.118654,0.242171,0.360383
41.0,0.275515,0.118075,0.242667,0.363743
41.1,0.272272,0.117482,0.243136,0.36711
41.2,0.269062,0.116876,0.243579,0.370483
41.3,0.265887,0.116257,0.243995,0.373861
41.4,0.262746,0.115625,0.244384,0.377245
41.5,0.259638,0.114982,0.244747,0.380633
41.6,0.256565,0.114326,0.245084,0.384025
41.7,0.253527,0.113659,0.245393,0.387421
41.8,0.250522,0.112981,0.245676,0.39082
41.9,0.247552,0.112293,0.245933,0.394223
42.0,0.244616,0.111594,0.246162,0.397628
42.1,0.241714,0.110885,0.246366,0.401036
42.2,0.238846,0.110166,0.246542,0.404445
42.3,0.236013,0.109438,0.246692,0.407857
42.4,0.233213,0.108701,0.246816,0.411269
42.5,0.230448,0.107956,0.246914,0.414682
42.6,0.227717,0.107202,0.246985,0.418096
42.7,0.225019,0.106441,0.24703,0.42151
42.8,0.222355,0.105672,0.247049,0.424923
42.9,0.219725,0.104897,0.247042,0.428336
43.0,0.217128,0.104114,0.247009,0.431748
43.1,0.214565,0.103325,0.246951,0.435158
43.2,0.212035,0.102531,0.246868,0.438567
43.3,0.209538,0.10173,0.246759,0.441974
43.4,0.207074,0.100924,0.246624,0.445378
43.5,0.204642,0.100114,0.246465,0.448779
43.6,0.202243,0.099298,0.246282,0.452177
43.7,0.199877,0.098479,0.246073,0.455571
43.8,0.197542,0.097655,0.245841,0.458962
43.9,0.19524,0.096829,0.245584,0.462348
44.0,0.192969,0.095998,0.245303,0.46573
44.1,0.19073,0.095165,0.244999,0.469106
44.2,0.188522,0.094329,0.244671,0.472478
44.3,0.186345,0.093491,0.24432,0.475844
44.4,0.184199,0.092651,0.243946,0.479204
44.5,0.182084,0.09181,0.243549,0.482557
44.6,0.179999,0.090967,0.24313,0.485904
44.7,0.177944,0.090123,0.242689,0.489244
44.8,0.175918,0.089278,0.242226,0.492577
44.9,0.173923,0.088432,0.241742,0.495903
45.0,0.171956,0.087587,0.241236,0.49922
45.1,0.170019,0.086742,0.24071,0.50253
45.2,0.16811,0.085896,0.240162,0.505831
45.3,0.16623,0.085052,0.239595,0.509123
45.4,0.164378,0.084208,0.239007,0.512407
45.5,0.162554,0.083366,0.238399,0.515681
45.6,0.160758,0.082524,0.237773,0.518945
45.7,0.158989,0.081685,0.237127,0.5222
45.8,0.157247,0.080847,0.236462,0.525444
45.9,0.155532,0.080011,0.235779,0.528678
46.0,0.153843,0.079178,0.235078,0.531901
46.1,0.152181,0.078347,0.234359,0.535114
46.2,0.150544,0.077518,0.233622,0.538315
46.3,0.148933,0.076693,0.232869,0.541505
46.4,0.147347,0.075871,0.232098,0.544684
46.5,0.145787,0.075052,0.231312,0.54785
46.6,0.144251,0.074236,0.230509,0.551005
46.7,0.142739,0.073424,0.229691,0.554147
46.8,0.141251,0.072616,0.228857,0.557276
46.9,0.139788,0.071812,0.228008,0.560393
47.0,0.138348,0.071012,0.227144,0.563496
47.1,0.136931,0.070216,0.226266,0.566587
47.2,0.135537,0.069424,0.225375,0.569664
47.3,0.134166,0.068638,0.224469,0.572728
47.4,0.132817,0.067855,0.22355,0.575777
47.5,0.13149,0.067078,0.222619,0.578813
47.6,0.130185,0.066306,0.221674,0.581835
47.7,0.128901,0.065539,0.220718,0.584842
47.8,0.127639,0.064776,0.219749,0.587835
47.9,0.126398,0.06402,0.218769,0.590813
48.0,0.125177,0.063268,0.217778,0.593777
48.1,0.123977,0.062522,0.216776,0.596725
48.2,0.122796,0.061782,0.215763,0.599659
48.3,0.121636,0.061047,0.21474,0.602577
48.4,0.120495,0.060318,0.213707,0.605479
48.5,0.119373,0.059595,0.212665,0.608366
48.6,0.118271,0.058878,0.211613,0.611238
48.7,0.117187,0.058167,0.210553,0.614093
48.8,0.116121,0.057462,0.209484,0.616933
48.9,0.115074,0.056763,0.208407,0.619757
49.0,0.114045,0.05607,0.207322,0.622564
49.1,0.113033,0.055383,0.206229,0.625355
49.2,0.112039,0.054702,0.205129,0.62813
49.3,0.111062,0.054028,0.204022,0.630888
49.4,0.110102,0.05336,0.202908,0.63363
49.5,0.109158,0.052698,0.201788,0.636355
49.6,0.108231,0.052043,0.200662,0.639063
49.7,0.107321,0.051394,0.19953,0.641755
49.8,0.106426,0.050752,0.198393,0.64443
49.9,0.105547,0.050116,0.19725,0.647087
50.0,0.104683,0.049486,0.196103,0.649728
50.1,0.103834,0.048863,0.194951,0.652351
50.2,0.103001,0.048246,0.193795,0.654958
50.3,0.102182,0.047636,0.192635,0.657547
50.4,0.101378,0.047033,0.191471,0.660118
50.5,0.100589,0.046435,0.190303,0.662673
50.6,0.099813,0.045845,0.189132,0.66521
50.7,0.099051,0.04526,0.187959,0.66773
50.8,0.098304,0.044683,0.186782,0.670232
50.9,0.097569,0.044111,0.185603,0.672716
51.0,0.096848,0.043546,0.184422,0.675184
51.1,0.09614,0.042988,0.183239,0.677633
51.2,0.095445,0.042436,0.182054,0.680065
51.3,0.094762,0.04189,0.180868,0.68248
51.4,0.094092,0.041351,0.179681,0.684877
51.5,0.093435,0.040818,0.178492,0.687256
51.6,0.092789,0.040291,0.177303,0.689617
51.7,0.092155,0.03977,0.176113,0.691961
51.8,0.091533,0.039256,0.174923,0.694288
51.9,0.090923,0.038748,0.173732,0.696596
52.0,0.090324,0.038247,0.172542,0.698887
52.1,0.089736,0.037751,0.171352,0.701161
52.2,0.08916,0.037261,0.170162,0.703417
52.3,0.088594,0.036778,0.168974,0.705655
52.4,0.088039,0.0363,0.167786,0.707875
52.5,0.087494,0.035829,0.166599,0.710078
52.6,0.08696,0.035364,0.165413,0.712264
52.7,0.086436,0.034904,0.164229,0.714432
52.8,0.085922,0.03445,0.163046,0.716582
52.9,0.085417,0.034002,0.161865,0.718715
53.0,0.084923,0.03356,0.160686,0.72083
53.1,0.084438,0.033124,0.159509,0.722928
53.2,0.083963,0.032693,0.158335,0.725009
53.3,0.083497,0.032268,0.157163,0.727072
53.4,0.08304,0.031849,0.155993,0.729118
53.5,0.082592,0.031435,0.154826,0.731147
53.6,0.082153,0.031026,0.153662,0.733159
53.7,0.081723,0.030623,0.152501,0.735153
53.8,0.081301,0.030226,0.151344,0.73713
53.9,0.080888,0.029833,0.150189,0.73909
54.0,0.080483,0.029446,0.149038,0.741033
54.1,0.080086,0.029064,0.14789,0.742959
54.2,0.079697,0.028688,0.146746,0.744868
54.3,0.079317,0.028316,0.145606,0.746761
54.4,0.078944,0.02795,0.14447,0.748636
54.5,0.078579,0.027589,0.143338,0.750495
54.6,0.078221,0.027232,0.14221,0.752337
54.7,0.077871,0.026881,0.141086,0.754163
54.8,0.077528,0.026534,0.139966,0.755971
54.9,0.077193,0.026192,0.138851,0.757764
55.0,0.076864,0.025855,0.137741,0.75954
55.1,0.076543,0.025522,0.136635,0.761299
55.2,0.076229,0.025195,0.135534,0.763043
55.3,0.075921,0.024871,0.134437,0.76477
55.4,0.075621,0.024553,0.133346,0.766481
55.5,0.075326,0.024238,0.132259,0.768176
55.6,0.075039,0.023929,0.131178,0.769855
55.7,0.074757,0.023623,0.130102,0.771518
55.8,0.074482,0.023322,0.12903,0.773165
55.9,0.074214,0.023025,0.127965,0.774797
56.0,0.073951,0.022732,0.126904,0.776412
56.1,0.073695,0.022444,0.125849,0.778013
56.2,0.073444,0.022159,0.124799,0.779597
56.3,0.073199,0.021879,0.123755,0.781167
56.4,0.07296,0.021603,0.122716,0.78272
56.5,0.072727,0.02133,0.121683,0.784259
56.6,0.0725,0.021062,0.120656,0.785783
56.7,0.072278,0.020797,0.119634,0.787291
56.8,0.072061,0.020536,0.118619,0.788784
56.9,0.07185,0.020279,0.117609,0.790263
57.0,0.071644,0.020026,0.116604,0.791726
57.1,0.071443,0.019776,0.115606,0.793175
57.2,0.071247,0.01953,0.114614,0.794609
57.3,0.071057,0.019287,0.113627,0.796029
57.4,0.070871,0.019048,0.112647,0.797434
57.5,0.07069,0.018812,0.111673,0.798825
57.6,0.070514,0.01858,0.110705,0.800201
57.7,0.070343,0.018351,0.109742,0.801564
57.8,0.070177,0.018125,0.108786,0.802912
57.9,0.070015,0.017902,0.107836,0.804246
58.0,0.069858,0.017683,0.106893,0.805566
58.1,0.069705,0.017467,0.105955,0.806873
58.2,0.069557,0.017254,0.105024,0.808165
58.3,0.069413,0.017044,0.104098,0.809444
58.4,0.069274,0.016837,0.103179,0.810709
58.5,0.069139,0.016634,0.102267,0.811961
58.6,0.069007,0.016433,0.10136,0.8132
58.7,0.068881,0.016235,0.10046,0.814425
58.8,0.068758,0.016039,0.099566,0.815637
58.9,0.068639,0.015847,0.098678,0.816836
59.0,0.068524,0.015658,0.097797,0.818022
59.1,0.068413,0.015471,0.096922,0.819195
59.2,0.068306,0.015287,0.096053,0.820355
59.3,0.068203,0.015105,0.09519,0.821502
59.4,0.068103,0.014926,0.094334,0.822637
59.5,0.068007,0.01475,0.093484,0.823759
59.6,0.067915,0.014576,0.09264,0.824869
59.7,0.067826,0.014405,0.091802,0.825967
59.8,0.067741,0.014236,0.090971,0.827052
59.9,0.06766,0.014069,0.090146,0.828125
60.0,0.067582,0.013905,0.089327,0.829186
60.1,0.067507,0.013744,0.088514,0.830235
60.2,0.067436,0.013584,0.087708,0.831272
60.3,0.067368,0.013427,0.086908,0.832297
60.4,0.067303,0.013273,0.086114,0.83331
60.5,0.067242,0.01312,0.085326,0.834312
60.6,0.067183,0.012969,0.084545,0.835303
60.7,0.067128,0.012821,0.083769,0.836282
60.8,0.067076,0.012675,0.083,0.837249
60.9,0.067027,0.012531,0.082237,0.838205
61.0,0.066981,0.012389,0.081479,0.839151
61.1,0.066938,0.012249,0.080728,0.840085
61.2,0.066898,0.012111,0.079983,0.841008
61.3,0.066861,0.011974,0.079244,0.84192
61.4,0.066827,0.01184,0.078512,0.842821
61.5,0.066795,0.011708,0.077785,0.843712
61.6,0.066767,0.011577,0.077064,0.844592
61.7,0.066741,0.011449,0.076349,0.845462
61.8,0.066718,0.011322,0.07564,0.846321
61.9,0.066697,0.011197,0.074936,0.847169
62.0,0.06668,0.011073,0.074239,0.848008
62.1,0.066664,0.010952,0.073548,0.848836
62.2,0.066652,0.010832,0.072862,0.849654
62.3,0.066642,0.010714,0.072182,0.850462
62.4,0.066634,0.010597,0.071508,0.85126
62.5,0.066629,0.010482,0.07084,0.852049
62.6,0.066627,0.010369,0.070177,0.852827
62.7,0.066626,0.010257,0.06952,0.853596
62.8,0.066629,0.010147,0.068869,0.854356
62.9,0.066633,0.010038,0.068224,0.855105
63.0,0.06664,0.00993,0.067583,0.855846
63.1,0.06665,0.009825,0.066949,0.856577
63.2,0.066661,0.00972,0.06632,0.857298
63.3,0.066675,0.009617,0.065697,0.858011
63.4,0.066691,0.009516,0.065079,0.858714
63.5,0.066709,0.009416,0.064466,0.859409
63.6,0.06673,0.009317,0.063859,0.860094
63.7,0.066752,0.009219,0.063257,0.860771
63.8,0.066777,0.009123,0.062661,0.861439
63.9,0.066804,0.009028,0.06207,0.862098
64.0,0.066833,0.008935,0.061484,0.862748
64.1,0.066864,0.008842,0.060904,0.86339
64.2,0.066897,0.008751,0.060328,0.864024
64.3,0.066931,0.008661,0.059758,0.864649
64.4,0.066968,0.008572,0.059193,0.865266
64.5,0.067007,0.008485,0.058633,0.865874
64.6,0.067048,0.008399,0.058079,0.866475
64.7,0.067091,0.008313,0.057529,0.867067
64.8,0.067135,0.008229,0.056984,0.867651
64.9,0.067182,0.008146,0.056444,0.868228
65.0,0.06723,0.008064,0.05591,0.868796
65.1,0.06728,0.007983,0.05538,0.869357
65.2,0.067332,0.007903,0.054855,0.86991
65.3,0.067386,0.007825,0.054334,0.870455
65.4,0.067441,0.007747,0.053819,0.870993
65.5,0.067498,0.00767,0.053308,0.871523
65.6,0.067557,0.007594,0.052803,0.872046
65.7,0.067618,0.00752,0.052301,0.872561
65.8,0.06768,0.007446,0.051805,0.873069
65.9,0.067744,0.007373,0.051313,0.87357
66.0,0.067809,0.007301,0.050826,0.874064
66.1,0.067876,0.00723,0.050343,0.874551
66.2,0.067945,0.00716,0.049865,0.87503
66.3,0.068015,0.007091,0.049391,0.875503
66.4,0.068087,0.007022,0.048922,0.875969
66.5,0.068161,0.006955,0.048457,0.876427
66.6,0.068236,0.006888,0.047997,0.87688
66.7,0.068312,0.006822,0.047541,0.877325
66.8,0.06839,0.006757,0.047089,0.877764
66.9,0.06847,0.006693,0.046641,0.878196
67.0,0.068551,0.006629,0.046198,0.878622
67.1,0.068633,0.006567,0.045759,0.879041
67.2,0.068717,0.006505,0.045324,0.879454
67.3,0.068802,0.006444,0.044894,0.87986
67.4,0.068889,0.006383,0.044467,0.880261
67.5,0.068977,0.006324,0.044045,0.880655
67.6,0.069066,0.006265,0.043626,0.881043
67.7,0.069157,0.006207,0.043212,0.881425
67.8,0.069249,0.006149,0.042801,0.8818
67.9,0.069342,0.006093,0.042395,0.88217
68.0,0.069437,0.006036,0.041992,0.882534
68.1,0.069533,0.005981,0.041594,0.882892
68.2,0.06963,0.005926,0.041199,0.883245
68.3,0.069729,0.005872,0.040808,0.883591
68.4,0.069829,0.005819,0.040421,0.883932
68.5,0.06993,0.005766,0.040037,0.884267
68.6,0.070032,0.005714,0.039657,0.884597
68.7,0.070135,0.005662,0.039281,0.884921
68.8,0.07024,0.005611,0.038909,0.88524
68.9,0.070346,0.005561,0.03854,0.885553
69.0,0.070453,0.005511,0.038175,0.885861
69.1,0.070561,0.005462,0.037813,0.886164
69.2,0.070671,0.005413,0.037455,0.886461
69.3,0.070781,0.005365,0.0371,0.886753
69.4,0.070893,0.005317,0.036749,0.88704
69.5,0.071006,0.00527,0.036402,0.887322
69.6,0.071119,0.005224,0.036057,0.887599
69.7,0.071234,0.005178,0.035716,0.887871
69.8,0.07135,0.005133,0.035379,0.888138
69.9,0.071468,0.005088,0.035044,0.8884
70.0,0.071586,0.005043,0.034713,0.888658
70.1,0.071705,0.005,0.034385,0.88891
70.2,0.071825,0.004956,0.034061,0.889158
70.3,0.071946,0.004913,0.03374,0.889401
70.4,0.072069,0.004871,0.033421,0.889639
70.5,0.072192,0.004829,0.033106,0.889873
70.6,0.072316,0.004788,0.032794,0.890102
70.7,0.072442,0.004747,0.032485,0.890327
70.8,0.072568,0.004706,0.032179,0.890547
70.9,0.072695,0.004666,0.031877,0.890762
71.0,0.072823,0.004626,0.031577,0.890974
71.1,0.072952,0.004587,0.03128,0.891181
71.2,0.073082,0.004548,0.030986,0.891383
71.3,0.073213,0.00451,0.030695,0.891582
71.4,0.073345,0.004472,0.030407,0.891776
71.5,0.073478,0.004434,0.030121,0.891966
71.6,0.073612,0.004397,0.029839,0.892152
71.7,0.073747,0.00436,0.029559,0.892334
71.8,0.073882,0.004324,0.029282,0.892512
71.9,0.074018,0.004288,0.029008,0.892686
72.0,0.074156,0.004252,0.028737,0.892855
72.1,0.074294,0.004217,0.028468,0.893021
72.2,0.074433,0.004182,0.028202,0.893183
72.3,0.074572,0.004148,0.027938,0.893341
72.4,0.074713,0.004114,0.027677,0.893496
72.5,0.074854,0.00408,0.027419,0.893646
72.6,0.074996,0.004047,0.027163,0.893793
72.7,0.075139,0.004014,0.02691,0.893936
72.8,0.075283,0.003981,0.02666,0.894076
72.9,0.075428,0.003949,0.026412,0.894212
73.0,0.075573,0.003917,0.026166,0.894344
73.1,0.075719,0.003885,0.025923,0.894473
73.2,0.075866,0.003854,0.025682,0.894598
73.3,0.076014,0.003823,0.025443,0.89472
73.4,0.076162,0.003792,0.025207,0.894838
73.5,0.076312,0.003761,0.024974,0.894953
73.6,0.076462,0.003731,0.024742,0.895065
73.7,0.076612,0.003702,0.024513,0.895173
73.8,0.076764,0.003672,0.024286,0.895278
73.9,0.076916,0.003643,0.024062,0.89538
74.0,0.077068,0.003614,0.023839,0.895478
74.1,0.077222,0.003585,0.023619,0.895573
74.2,0.077376,0.003557,0.023401,0.895665
74.3,0.077531,0.003529,0.023186,0.895754
74.4,0.077686,0.003501,0.022972,0.89584
74.5,0.077843,0.003474,0.022761,0.895923
74.6,0.077999,0.003447,0.022551,0.896003
74.7,0.078157,0.00342,0.022344,0.896079
74.8,0.078315,0.003393,0.022139,0.896153
74.9,0.078474,0.003367,0.021936,0.896224
75.0,0.078633,0.00334,0.021735,0.896292
75.1,0.078794,0.003315,0.021535,0.896356
75.2,0.078954,0.003289,0.021338,0.896419
75.3,0.079116,0.003264,0.021143,0.896478
75.4,0.079278,0.003238,0.02095,0.896534
75.5,0.07944,0.003213,0.020758,0.896588
75.6,0.079603,0.003189,0.020569,0.896639
75.7,0.079767,0.003164,0.020381,0.896687
75.8,0.079932,0.00314,0.020196,0.896732
75.9,0.080097,0.003116,0.020012,0.896775
76.0,0.080262,0.003093,0.01983,0.896815
76.1,0.080428,0.003069,0.01965,0.896853
76.2,0.080595,0.003046,0.019471,0.896888
76.3,0.080762,0.003023,0.019295,0.89692
76.4,0.08093,0.003,0.01912,0.89695
76.5,0.081098,0.002977,0.018947,0.896978
76.6,0.081267,0.002955,0.018775,0.897003
76.7,0.081437,0.002933,0.018605,0.897025
76.8,0.081607,0.002911,0.018437,0.897045
76.9,0.081777,0.002889,0.018271,0.897063
77.0,0.081948,0.002867,0.018106,0.897078
77.1,0.08212,0.002846,0.017943,0.897091
77.2,0.082292,0.002825,0.017782,0.897102
77.3,0.082465,0.002804,0.017622,0.89711
77.4,0.082638,0.002783,0.017464,0.897116
77.5,0.082811,0.002762,0.017307,0.897119
77.6,0.082986,0.002742,0.017152,0.897121
77.7,0.08316,0.002722,0.016998,0.89712
77.8,0.083335,0.002702,0.016846,0.897117
77.9,0.083511,0.002682,0.016695,0.897112
78.0,0.083687,0.002662,0.016546,0.897105
78.1,0.083863,0.002643,0.016399,0.897095
78.2,0.08404,0.002623,0.016252,0.897084
78.3,0.084218,0.002604,0.016108,0.89707
78.4,0.084396,0.002585,0.015964,0.897055
78.5,0.084574,0.002566,0.015823,0.897037
78.6,0.084753,0.002548,0.015682,0.897017
78.7,0.084932,0.002529,0.015543,0.896995
78.8,0.085112,0.002511,0.015405,0.896972
78.9,0.085292,0.002493,0.015269,0.896946
79.0,0.085473,0.002475,0.015134,0.896918
79.1,0.085654,0.002457,0.015,0.896889
79.2,0.085836,0.002439,0.014868,0.896857
79.3,0.086017,0.002422,0.014737,0.896824
79.4,0.0862,0.002404,0.014607,0.896789
79.5,0.086383,0.002387,0.014478,0.896752
79.6,0.086566,0.00237,0.014351,0.896713
79.7,0.086749,0.002353,0.014225,0.896672
79.8,0.086933,0.002337,0.0141,0.89663
79.9,0.087118,0.00232,0.013977,0.896586
80.0,0.087302,0.002304,0.013854,0.89654
80.1,0.087487,0.002287,0.013733,0.896492
80.2,0.087673,0.002271,0.013613,0.896443
80.3,0.087859,0.002255,0.013495,0.896392
80.4,0.088045,0.002239,0.013377,0.896339
80.5,0.088232,0.002223,0.01326,0.896284
80.6,0.088419,0.002208,0.013145,0.896228
80.7,0.088606,0.002192,0.013031,0.89617
80.8,0.088794,0.002177,0.012918,0.896111
80.9,0.088982,0.002162,0.012806,0.89605
81.0,0.089171,0.002147,0.012695,0.895987
81.1,0.08936,0.002132,0.012585,0.895923
81.2,0.089549,0.002117,0.012476,0.895858
81.3,0.089739,0.002102,0.012369,0.89579
81.4,0.089929,0.002088,0.012262,0.895722
81.5,0.090119,0.002073,0.012157,0.895652
81.6,0.090309,0.002059,0.012052,0.89558
81.7,0.0905,0.002045,0.011948,0.895507
81.8,0.090692,0.002031,0.011846,0.895432
81.9,0.090883,0.002017,0.011744,0.895356
82.0,0.091075,0.002003,0.011644,0.895278
82.1,0.091267,0.001989,0.011544,0.895199
82.2,0.09146,0.001975,0.011446,0.895119
82.3,0.091653,0.001962,0.011348,0.895037
82.4,0.091846,0.001948,0.011251,0.894954
82.5,0.09204,0.001935,0.011155,0.89487
82.6,0.092233,0.001922,0.011061,0.894784
82.7,0.092428,0.001909,0.010967,0.894697
82.8,0.092622,0.001896,0.010874,0.894608
82.9,0.092817,0.001883,0.010781,0.894519
83.0,0.093012,0.00187,0.01069,0.894428
83.1,0.093207,0.001858,0.0106,0.894335
83.2,0.093403,0.001845,0.01051,0.894242
83.3,0.093599,0.001833,0.010422,0.894147
83.4,0.093795,0.001821,0.010334,0.894051
83.5,0.093991,0.001808,0.010247,0.893953
83.6,0.094188,0.001796,0.010161,0.893855
83.7,0.094385,0.001784,0.010076,0.893755
83.8,0.094582,0.001772,0.009991,0.893654
83.9,0.09478,0.00176,0.009907,0.893552
84.0,0.094978,0.001749,0.009825,0.893449
84.1,0.095176,0.001737,0.009743,0.893344
84.2,0.095374,0.001726,0.009661,0.893239
84.3,0.095573,0.001714,0.009581,0.893132
84.4,0.095772,0.001703,0.009501,0.893024
84.5,0.095971,0.001691,0.009422,0.892915
84.6,0.096171,0.00168,0.009344,0.892805
84.7,0.09637,0.001669,0.009266,0.892694
84.8,0.09657,0.001658,0.00919,0.892582
84.9,0.09677,0.001647,0.009114,0.892469
85.0,0.096971,0.001636,0.009038,0.892354
85.1,0.097171,0.001626,0.008964,0.892239
85.2,0.097372,0.001615,0.00889,0.892123
85.3,0.097573,0.001605,0.008817,0.892005
85.4,0.097775,0.001594,0.008744,0.891887
85.5,0.097976,0.001584,0.008673,0.891767
85.6,0.098178,0.001573,0.008601,0.891647
85.7,0.09838,0.001563,0.008531,0.891526
85.8,0.098583,0.001553,0.008461,0.891403
85.9,0.098785,0.001543,0.008392,0.89128
86.0,0.098988,0.001533,0.008324,0.891155
86.1,0.099191,0.001523,0.008256,0.89103
86.2,0.099394,0.001513,0.008189,0.890904
86.3,0.099597,0.001504,0.008122,0.890777
86.4,0.099801,0.001494,0.008056,0.890649
86.5,0.100005,0.001484,0.007991,0.89052
86.6,0.100209,0.001475,0.007926,0.89039
86.7,0.100413,0.001465,0.007862,0.890259
86.8,0.100617,0.001456,0.007799,0.890128
86.9,0.100822,0.001447,0.007736,0.889995
87.0,0.101027,0.001437,0.007674,0.889862
87.1,0.101232,0.001428,0.007612,0.889728
87.2,0.101437,0.001419,0.007551,0.889593
87.3,0.101643,0.00141,0.00749,0.889457
87.4,0.101848,0.001401,0.00743,0.88932
87.5,0.102054,0.001392,0.007371,0.889183
87.6,0.10226,0.001384,0.007312,0.889045
87.7,0.102466,0.001375,0.007253,0.888905
87.8,0.102673,0.001366,0.007196,0.888766
87.9,0.102879,0.001358,0.007138,0.888625
88.0,0.103086,0.001349,0.007082,0.888483
88.1,0.103293,0.001341,0.007026,0.888341
88.2,0.1035,0.001332,0.00697,0.888198
88.3,0.103707,0.001324,0.006915,0.888054
88.4,0.103915,0.001316,0.00686,0.88791
88.5,0.104122,0.001307,0.006806,0.887764
88.6,0.10433,0.001299,0.006752,0.887619
88.7,0.104538,0.001291,0.006699,0.887472
88.8,0.104746,0.001283,0.006646,0.887324
88.9,0.104954,0.001275,0.006594,0.887176
89.0,0.105163,0.001267,0.006543,0.887027
89.1,0.105372,0.001259,0.006491,0.886878
89.2,0.10558,0.001252,0.006441,0.886728
89.3,0.105789,0.001244,0.00639,0.886577
89.4,0.105998,0.001236,0.00634,0.886425
89.5,0.106208,0.001229,0.006291,0.886273
89.6,0.106417,0.001221,0.006242,0.88612
89.7,0.106627,0.001214,0.006194,0.885966
89.8,0.106836,0.001206,0.006146,0.885812
89.9,0.107046,0.001199,0.006098,0.885657
90.0,0.107256,0.001191,0.006051,0.885501
90.1,0.107466,0.001184,0.006004,0.885345
90.2,0.107677,0.001177,0.005958,0.885189
90.3,0.107887,0.00117,0.005912,0.885031
90.4,0.108098,0.001163,0.005867,0.884873
90.5,0.108308,0.001156,0.005821,0.884714
90.6,0.108519,0.001149,0.005777,0.884555
90.7,0.10873,0.001142,0.005733,0.884395
90.8,0.108941,0.001135,0.005689,0.884235
90.9,0.109153,0.001128,0.005645,0.884074
91.0,0.109364,0.001121,0.005602,0.883912
91.1,0.109576,0.001114,0.00556,0.88375
91.2,0.109787,0.001108,0.005517,0.883588
91.3,0.109999,0.001101,0.005475,0.883424
91.4,0.110211,0.001095,0.005434,0.883261
91.5,0.110423,0.001088,0.005393,0.883096
91.6,0.110635,0.001082,0.005352,0.882931
91.7,0.110847,0.001075,0.005312,0.882766
91.8,0.11106,0.001069,0.005272,0.8826
91.9,0.111272,0.001062,0.005232,0.882433
92.0,0.111485,0.001056,0.005193,0.882266
92.1,0.111698,0.00105,0.005154,0.882099
92.2,0.111911,0.001044,0.005115,0.881931
92.3,0.112124,0.001037,0.005077,0.881762
92.4,0.112337,0.001031,0.005039,0.881593
92.5,0.11255,0.001025,0.005001,0.881424
92.6,0.112763,0.001019,0.004964,0.881254
92.7,0.112977,0.001013,0.004927,0.881083
92.8,0.11319,0.001007,0.00489,0.880912
92.9,0.113404,0.001001,0.004854,0.880741
93.0,0.113618,0.000995,0.004818,0.880569
93.1,0.113832,0.00099,0.004782,0.880396
93.2,0.114046,0.000984,0.004747,0.880223
93.3,0.11426,0.000978,0.004712,0.88005
93.4,0.114474,0.000972,0.004677,0.879876
93.5,0.114688,0.000967,0.004643,0.879702
93.6,0.114903,0.000961,0.004609,0.879527
93.7,0.115117,0.000956,0.004575,0.879352
93.8,0.115332,0.00095,0.004542,0.879177
93.9,0.115546,0.000945,0.004508,0.879001
94.0,0.115761,0.000939,0.004475,0.878824
94.1,0.115976,0.000934,0.004443,0.878647
94.2,0.116191,0.000928,0.00441,0.87847
94.3,0.116406,0.000923,0.004378,0.878292
94.4,0.116621,0.000918,0.004347,0.878114
94.5,0.116836,0.000913,0.004315,0.877936
94.6,0.117052,0.000907,0.004284,0.877757
94.7,0.117267,0.000902,0.004253,0.877578
94.8,0.117483,0.000897,0.004222,0.877398
94.9,0.117698,0.000892,0.004192,0.877218
95.0,0.117914,0.000887,0.004162,0.877037
95.1,0.11813,0.000882,0.004132,0.876857
95.2,0.118346,0.000877,0.004102,0.876675
95.3,0.118561,0.000872,0.004073,0.876494
95.4,0.118777,0.000867,0.004044,0.876312
95.5,0.118994,0.000862,0.004015,0.87613
95.6,0.11921,0.000857,0.003986,0.875947
95.7,0.119426,0.000852,0.003958,0.875764
95.8,0.119642,0.000848,0.00393,0.87558
95.9,0.119859,0.000843,0.003902,0.875397
96.0,0.120075,0.000838,0.003874,0.875213
96.1,0.120292,0.000834,0.003847,0.875028
96.2,0.120508,0.000829,0.00382,0.874843
96.3,0.120725,0.000824,0.003793,0.874658
96.4,0.120942,0.00082,0.003766,0.874473
96.5,0.121158,0.000815,0.003739,0.874287
96.6,0.121375,0.000811,0.003713,0.874101
96.7,0.121592,0.000806,0.003687,0.873914
96.8,0.121809,0.000802,0.003661,0.873728
96.9,0.122026,0.000797,0.003636,0.873541
97.0,0.122243,0.000793,0.00361,0.873353
97.1,0.122461,0.000789,0.003585,0.873166
97.2,0.122678,0.000784,0.00356,0.872978
97.3,0.122895,0.00078,0.003536,0.872789
97.4,0.123113,0.000776,0.003511,0.872601
97.5,0.12333,0.000771,0.003487,0.872412
97.6,0.123548,0.000767,0.003463,0.872223
97.7,0.123765,0.000763,0.003439,0.872033
97.8,0.123983,0.000759,0.003415,0.871843
97.9,0.1242,0.000755,0.003392,0.871653
98.0,0.124418,0.000751,0.003368,0.871463
98.1,0.124636,0.000747,0.003345,0.871272
98.2,0.124854,0.000742,0.003322,0.871081
98.3,0.125072,0.000738,0.0033,0.87089
98.4,0.12529,0.000735,0.003277,0.870699
98.5,0.125508,0.000731,0.003255,0.870507
98.6,0.125726,0.000727,0.003233,0.870315
98.7,0.125944,0.000723,0.003211,0.870123
98.8,0.126162,0.000719,0.003189,0.86993
